2.486824750900268555e+00 2.484915971755981445e+00 2.485355138778686523e+00 2.485482692718505859e+00 2.486669540405273438e+00 2.489601373672485352e+00 2.485297203063964844e+00 2.485991954803466797e+00 2.490742683410644531e+00 2.489242792129516602e+00
2.478497505187988281e+00 2.477589607238769531e+00 2.477019071578979492e+00 2.477761745452880859e+00 2.478353500366210938e+00 2.482361316680908203e+00 2.477258920669555664e+00 2.478525161743164062e+00 2.482275962829589844e+00 2.480808734893798828e+00
2.470046520233154297e+00 2.468670129776000977e+00 2.468476295471191406e+00 2.469299554824829102e+00 2.469889879226684570e+00 2.472405195236206055e+00 2.469054222106933594e+00 2.469364166259765625e+00 2.473651409149169922e+00 2.472330808639526367e+00
2.461747407913208008e+00 2.460694789886474609e+00 2.460098505020141602e+00 2.460598230361938477e+00 2.461673498153686523e+00 2.465395212173461914e+00 2.461025476455688477e+00 2.461628198623657227e+00 2.465143203735351562e+00 2.463903188705444336e+00
2.453200817108154297e+00 2.452412843704223633e+00 2.451792955398559570e+00 2.452878475189208984e+00 2.453282833099365234e+00 2.455391883850097656e+00 2.452648401260375977e+00 2.453001260757446289e+00 2.456627845764160156e+00 2.455496072769165039e+00
2.444597005844116211e+00 2.443732976913452148e+00 2.443396806716918945e+00 2.443323850631713867e+00 2.444893121719360352e+00 2.448345899581909180e+00 2.444369316101074219e+00 2.444823265075683594e+00 2.448137283325195312e+00 2.447032928466796875e+00
2.436173200607299805e+00 2.436235427856445312e+00 2.434898138046264648e+00 2.436666727066040039e+00 2.436520814895629883e+00 2.438802003860473633e+00 2.436381816864013672e+00 2.436965227127075195e+00 2.439758062362670898e+00 2.438583374023437500e+00
2.427852869033813477e+00 2.426551342010498047e+00 2.426548242568969727e+00 2.426050662994384766e+00 2.428095102310180664e+00 2.431263208389282227e+00 2.427005052566528320e+00 2.427468776702880859e+00 2.431339025497436523e+00 2.430213689804077148e+00
2.419592618942260742e+00 2.418807268142700195e+00 2.418308973312377930e+00 2.419214010238647461e+00 2.419767141342163086e+00 2.422394275665283203e+00 2.418116331100463867e+00 2.419525146484375000e+00 2.422929525375366211e+00 2.421774148941040039e+00
2.411170005798339844e+00 2.409214973449707031e+00 2.409701108932495117e+00 2.409137725830078125e+00 2.411316394805908203e+00 2.414432048797607422e+00 2.409641504287719727e+00 2.410474538803100586e+00 2.414553403854370117e+00 2.413369655609130859e+00
2.402920961380004883e+00 2.401955127716064453e+00 2.401366949081420898e+00 2.402722120285034180e+00 2.402940273284912109e+00 2.406050920486450195e+00 2.401245832443237305e+00 2.402934551239013672e+00 2.406204700469970703e+00 2.405009508132934570e+00
2.394339323043823242e+00 2.392213582992553711e+00 2.393087863922119141e+00 2.392520189285278320e+00 2.394478082656860352e+00 2.397377014160156250e+00 2.392499208450317383e+00 2.393581151962280273e+00 2.397840499877929688e+00 2.396600961685180664e+00
2.385781526565551758e+00 2.385030746459960938e+00 2.384713888168334961e+00 2.386072158813476562e+00 2.385869741439819336e+00 2.389377355575561523e+00 2.384085178375244141e+00 2.386496305465698242e+00 2.389534711837768555e+00 2.388180494308471680e+00
2.377420186996459961e+00 2.375604867935180664e+00 2.376256704330444336e+00 2.376168489456176758e+00 2.377362251281738281e+00 2.380259752273559570e+00 2.375863313674926758e+00 2.376749515533447266e+00 2.381194829940795898e+00 2.379843235015869141e+00
2.369170188903808594e+00 2.368497848510742188e+00 2.367956638336181641e+00 2.369001150131225586e+00 2.369054794311523438e+00 2.372743844985961914e+00 2.367772579193115234e+00 2.369592189788818359e+00 2.372819662094116211e+00 2.371507644653320312e+00
2.360931396484375000e+00 2.359483718872070312e+00 2.359756231307983398e+00 2.360060930252075195e+00 2.360828399658203125e+00 2.363184452056884766e+00 2.359762907028198242e+00 2.360174655914306641e+00 2.364395380020141602e+00 2.363149166107177734e+00
2.352613687515258789e+00 2.351674556732177734e+00 2.351268529891967773e+00 2.351621627807617188e+00 2.352538108825683594e+00 2.356056928634643555e+00 2.351738452911376953e+00 2.352657556533813477e+00 2.355971097946166992e+00 2.354768276214599609e+00
2.344421386718750000e+00 2.343493700027465820e+00 2.342925548553466797e+00 2.343972921371459961e+00 2.344404458999633789e+00 2.346315383911132812e+00 2.343757867813110352e+00 2.343887329101562500e+00 2.347587823867797852e+00 2.346471786499023438e+00
2.335983753204345703e+00 2.334933757781982422e+00 2.334704637527465820e+00 2.334616422653198242e+00 2.336148738861083984e+00 2.339323282241821289e+00 2.335382223129272461e+00 2.335943937301635742e+00 2.339219093322753906e+00 2.338185787200927734e+00
2.327574729919433594e+00 2.327203273773193359e+00 2.326535940170288086e+00 2.327623367309570312e+00 2.327935218811035156e+00 2.329905509948730469e+00 2.327232837677001953e+00 2.327819585800170898e+00 2.330861806869506836e+00 2.329873561859130859e+00
2.319167852401733398e+00 2.318598031997680664e+00 2.318108081817626953e+00 2.318120002746582031e+00 2.319569826126098633e+00 2.322724103927612305e+00 2.319173097610473633e+00 2.319611549377441406e+00 2.322636604309082031e+00 2.321569919586181641e+00
2.310931921005249023e+00 2.311094999313354492e+00 2.309789657592773438e+00 2.311559200286865234e+00 2.311358690261840820e+00 2.313635587692260742e+00 2.311162233352661133e+00 2.311862468719482422e+00 2.314413070678710938e+00 2.313348054885864258e+00
2.302742958068847656e+00 2.301762580871582031e+00 2.301592111587524414e+00 2.301391839981079102e+00 2.303080320358276367e+00 2.306084156036376953e+00 2.302203178405761719e+00 2.302736997604370117e+00 2.306178092956542969e+00 2.305100202560424805e+00
2.294595003128051758e+00 2.293897867202758789e+00 2.293447256088256836e+00 2.294302701950073242e+00 2.294873476028442383e+00 2.297423839569091797e+00 2.293412923812866211e+00 2.294555664062500000e+00 2.298000097274780273e+00 2.296895265579223633e+00
2.286494970321655273e+00 2.284757852554321289e+00 2.285327672958374023e+00 2.284615993499755859e+00 2.286706209182739258e+00 2.289592266082763672e+00 2.285026073455810547e+00 2.285849332809448242e+00 2.289779186248779297e+00 2.288636445999145508e+00
2.278269767761230469e+00 2.277225732803344727e+00 2.276892185211181641e+00 2.277912378311157227e+00 2.278337001800537109e+00 2.281301498413085938e+00 2.276768445968627930e+00 2.278119087219238281e+00 2.281571149826049805e+00 2.280421495437622070e+00
2.270165443420410156e+00 2.268195390701293945e+00 2.268713712692260742e+00 2.268402338027954102e+00 2.270185947418212891e+00 2.273115396499633789e+00 2.268591642379760742e+00 2.269487619400024414e+00 2.273398637771606445e+00 2.272267103195190430e+00
2.261921882629394531e+00 2.260725498199462891e+00 2.260604619979858398e+00 2.261516809463500977e+00 2.261963844299316406e+00 2.264977455139160156e+00 2.260144233703613281e+00 2.261884450912475586e+00 2.265194416046142578e+00 2.264115095138549805e+00
2.253685235977172852e+00 2.251687288284301758e+00 2.252525568008422852e+00 2.252012729644775391e+00 2.253800868988037109e+00 2.256570339202880859e+00 2.251845598220825195e+00 2.253009319305419922e+00 2.257068634033203125e+00 2.255974531173706055e+00
2.245568275451660156e+00 2.244366884231567383e+00 2.244477987289428711e+00 2.245317697525024414e+00 2.245675563812255859e+00 2.248694658279418945e+00 2.243665933609008789e+00 2.245728731155395508e+00 2.248953819274902344e+00 2.247874975204467773e+00
2.237353086471557617e+00 2.235486268997192383e+00 2.236275672912597656e+00 2.235934019088745117e+00 2.237438440322875977e+00 2.240139484405517578e+00 2.235557317733764648e+00 2.236700773239135742e+00 2.240885972976684570e+00 2.239711761474609375e+00
2.229230403900146484e+00 2.228225231170654297e+00 2.228109359741210938e+00 2.229197263717651367e+00 2.229260683059692383e+00 2.232526302337646484e+00 2.227544546127319336e+00 2.229703664779663086e+00 2.232806205749511719e+00 2.231620550155639648e+00
2.221177816390991211e+00 2.219471216201782227e+00 2.220028638839721680e+00 2.219900131225585938e+00 2.221161842346191406e+00 2.223811864852905273e+00 2.219523429870605469e+00 2.220562696456909180e+00 2.224735736846923828e+00 2.223575353622436523e+00
2.213154554367065430e+00 2.212186098098754883e+00 2.211987257003784180e+00 2.213202953338623047e+00 2.213136911392211914e+00 2.216394901275634766e+00 2.211569547653198242e+00 2.213732481002807617e+00 2.216722011566162109e+00 2.215550899505615234e+00
2.205139160156250000e+00 2.203553199768066406e+00 2.204013347625732422e+00 2.204030036926269531e+00 2.205148696899414062e+00 2.207539319992065430e+00 2.203669309616088867e+00 2.204460859298706055e+00 2.208699464797973633e+00 2.207528829574584961e+00
2.197144746780395508e+00 2.196211814880371094e+00 2.196062088012695312e+00 2.196715354919433594e+00 2.197175025939941406e+00 2.200393676757812500e+00 2.195788383483886719e+00 2.197425365447998047e+00 2.200717210769653320e+00 2.199562549591064453e+00
2.189196109771728516e+00 2.187778949737548828e+00 2.188108921051025391e+00 2.188271045684814453e+00 2.189249753952026367e+00 2.191405296325683594e+00 2.187921285629272461e+00 2.188514232635498047e+00 2.192689895629882812e+00 2.191564559936523438e+00
2.181274414062500000e+00 2.180303096771240234e+00 2.180190086364746094e+00 2.180573940277099609e+00 2.181311845779418945e+00 2.184411764144897461e+00 2.180049419403076172e+00 2.181443452835083008e+00 2.184718132019042969e+00 2.183592796325683594e+00
2.173377275466918945e+00 2.172047853469848633e+00 2.172293901443481445e+00 2.172521591186523438e+00 2.173419237136840820e+00 2.175508499145507812e+00 2.172202110290527344e+00 2.172664880752563477e+00 2.176800489425659180e+00 2.175665855407714844e+00
2.165497303009033203e+00 2.164474248886108398e+00 2.164402008056640625e+00 2.164663553237915039e+00 2.165533065795898438e+00 2.168552637100219727e+00 2.164353370666503906e+00 2.165585994720458984e+00 2.168866634368896484e+00 2.167795181274414062e+00
2.157637834548950195e+00 2.156366348266601562e+00 2.156534433364868164e+00 2.156825542449951172e+00 2.157696485519409180e+00 2.159758090972900391e+00 2.156512260437011719e+00 2.156854629516601562e+00 2.160968303680419922e+00 2.159888267517089844e+00
2.149800300598144531e+00 2.148770093917846680e+00 2.148700714111328125e+00 2.148862600326538086e+00 2.149859666824340820e+00 2.152829408645629883e+00 2.148694038391113281e+00 2.149846792221069336e+00 2.153092145919799805e+00 2.152060985565185547e+00
2.141971588134765625e+00 2.140722036361694336e+00 2.140869617462158203e+00 2.141154766082763672e+00 2.142030954360961914e+00 2.144074916839599609e+00 2.140873193740844727e+00 2.141157627105712891e+00 2.145271301269531250e+00 2.144172906875610352e+00
2.134159088134765625e+00 2.133123636245727539e+00 2.133062362670898438e+00 2.133169412612915039e+00 2.134223461151123047e+00 2.137145757675170898e+00 2.133058786392211914e+00 2.134198665618896484e+00 2.137463808059692383e+00 2.136366844177246094e+00
2.126362800598144531e+00 2.125117540359497070e+00 2.125277519226074219e+00 2.125530481338500977e+00 2.126441717147827148e+00 2.128557682037353516e+00 2.125252962112426758e+00 2.125571012496948242e+00 2.129679203033447266e+00 2.128621816635131836e+00
2.118587017059326172e+00 2.117545366287231445e+00 2.117515802383422852e+00 2.117632865905761719e+00 2.118657350540161133e+00 2.121586322784423828e+00 2.117460966110229492e+00 2.118640899658203125e+00 2.121897220611572266e+00 2.120840072631835938e+00
2.110840797424316406e+00 2.109553575515747070e+00 2.109773397445678711e+00 2.109945297241210938e+00 2.110924959182739258e+00 2.113115549087524414e+00 2.109674453735351562e+00 2.110013723373413086e+00 2.114202976226806641e+00 2.113139390945434570e+00
2.103116512298583984e+00 2.102035522460937500e+00 2.102040529251098633e+00 2.102232456207275391e+00 2.103200435638427734e+00 2.106196880340576172e+00 2.101893424987792969e+00 2.103166103363037109e+00 2.106496334075927734e+00 2.105451345443725586e+00
2.095397472381591797e+00 2.094044446945190430e+00 2.094338893890380859e+00 2.094424009323120117e+00 2.095486640930175781e+00 2.097762346267700195e+00 2.094125986099243164e+00 2.094587326049804688e+00 2.098792552947998047e+00 2.097777605056762695e+00
2.087741851806640625e+00 2.086572170257568359e+00 2.086658954620361328e+00 2.086956501007080078e+00 2.087781906127929688e+00 2.090822219848632812e+00 2.086383819580078125e+00 2.087822198867797852e+00 2.091141700744628906e+00 2.090115785598754883e+00
2.080086469650268555e+00 2.078610658645629883e+00 2.079009056091308594e+00 2.078943729400634766e+00 2.080139875411987305e+00 2.082542419433593750e+00 2.078672170639038086e+00 2.079276084899902344e+00 2.083520412445068359e+00 2.082479238510131836e+00
2.072492122650146484e+00 2.071172714233398438e+00 2.071360349655151367e+00 2.072047233581542969e+00 2.072530984878540039e+00 2.075610399246215820e+00 2.071024656295776367e+00 2.072660446166992188e+00 2.075898170471191406e+00 2.074866533279418945e+00
2.064897537231445312e+00 2.063338994979858398e+00 2.063780069351196289e+00 2.063582897186279297e+00 2.064967870712280273e+00 2.067408323287963867e+00 2.063426494598388672e+00 2.064144849777221680e+00 2.068304300308227539e+00 2.067303895950317383e+00
2.057375669479370117e+00 2.055913925170898438e+00 2.056286573410034180e+00 2.056698560714721680e+00 2.057471513748168945e+00 2.060436725616455078e+00 2.055864334106445312e+00 2.057342052459716797e+00 2.060714244842529297e+00 2.059744834899902344e+00
2.049892902374267578e+00 2.048250675201416016e+00 2.048916816711425781e+00 2.048376798629760742e+00 2.050091028213500977e+00 2.052346944808959961e+00 2.048391103744506836e+00 2.049133777618408203e+00 2.053183317184448242e+00 2.052241563796997070e+00
2.042437791824340820e+00 2.040918588638305664e+00 2.041460990905761719e+00 2.041538715362548828e+00 2.042644023895263672e+00 2.045429706573486328e+00 2.040998935699462891e+00 2.042171239852905273e+00 2.045660495758056641e+00 2.044776678085327148e+00
2.034992694854736328e+00 2.033435583114624023e+00 2.033942699432373047e+00 2.033343791961669922e+00 2.035163879394531250e+00 2.037449598312377930e+00 2.033665418624877930e+00 2.034343004226684570e+00 2.038197040557861328e+00 2.037315368652343750e+00
2.027721166610717773e+00 2.026407718658447266e+00 2.026426553726196289e+00 2.026724576950073242e+00 2.027754783630371094e+00 2.030572891235351562e+00 2.026603937149047852e+00 2.027209281921386719e+00 2.030823469161987305e+00 2.029905319213867188e+00
2.020258903503417969e+00 2.019031286239624023e+00 2.019025087356567383e+00 2.018673419952392578e+00 2.020337343215942383e+00 2.022668361663818359e+00 2.019137382507324219e+00 2.019740581512451172e+00 2.023420333862304688e+00 2.022493839263916016e+00
2.012923717498779297e+00 2.011975288391113281e+00 2.011906147003173828e+00 2.012006282806396484e+00 2.013148307800292969e+00 2.015658855438232422e+00 2.011869430541992188e+00 2.012432336807250977e+00 2.016113281250000000e+00 2.015080213546752930e+00
2.005480527877807617e+00 2.004882812500000000e+00 2.004481554031372070e+00 2.004245281219482422e+00 2.005712747573852539e+00 2.007724523544311523e+00 2.004674196243286133e+00 2.005309343338012695e+00 2.008742809295654297e+00 2.007766485214233398e+00
1.998094201087951660e+00 1.998309731483459473e+00 1.997064352035522461e+00 1.998785257339477539e+00 1.998451590538024902e+00 2.000542640686035156e+00 1.998223662376403809e+00 1.999011516571044922e+00 2.001380205154418945e+00 2.000448465347290039e+00
1.990797758102416992e+00 1.990722894668579102e+00 1.989761948585510254e+00 1.990682840347290039e+00 1.991058468818664551e+00 1.992985844612121582e+00 1.990679264068603516e+00 1.991708159446716309e+00 1.994075775146484375e+00 1.993164777755737305e+00
1.983620882034301758e+00 1.983282566070556641e+00 1.982717514038085938e+00 1.983676075935363770e+00 1.983931541442871094e+00 1.985828638076782227e+00 1.983242988586425781e+00 1.983924984931945801e+00 1.986786365509033203e+00 1.985888600349426270e+00
1.976384043693542480e+00 1.975875139236450195e+00 1.975391149520874023e+00 1.975921034812927246e+00 1.976637840270996094e+00 1.978763461112976074e+00 1.975915193557739258e+00 1.976982831954956055e+00 1.979594349861145020e+00 1.978708148002624512e+00
1.969271659851074219e+00 1.968535900115966797e+00 1.968107104301452637e+00 1.968780159950256348e+00 1.969343304634094238e+00 1.971379399299621582e+00 1.968620657920837402e+00 1.969076395034790039e+00 1.972388744354248047e+00 1.971514463424682617e+00
1.962139248847961426e+00 1.961065053939819336e+00 1.961174488067626953e+00 1.961320638656616211e+00 1.962171792984008789e+00 1.964568257331848145e+00 1.961156249046325684e+00 1.962184309959411621e+00 1.965237498283386230e+00 1.964295029640197754e+00
1.954846024513244629e+00 1.953599452972412109e+00 1.953917026519775391e+00 1.953683972358703613e+00 1.954902052879333496e+00 1.957398414611816406e+00 1.953690648078918457e+00 1.954076409339904785e+00 1.958100795745849609e+00 1.957202434539794922e+00
1.947704434394836426e+00 1.946333765983581543e+00 1.946743130683898926e+00 1.946656465530395508e+00 1.947800040245056152e+00 1.950593829154968262e+00 1.946516752243041992e+00 1.947501182556152344e+00 1.950941443443298340e+00 1.950079560279846191e+00
1.940735220909118652e+00 1.939312577247619629e+00 1.939842343330383301e+00 1.939012289047241211e+00 1.940927386283874512e+00 1.943425416946411133e+00 1.939522862434387207e+00 1.939794778823852539e+00 1.943823218345642090e+00 1.942983508110046387e+00
1.933740139007568359e+00 1.932641983032226562e+00 1.932662129402160645e+00 1.932412147521972656e+00 1.933840394020080566e+00 1.936608076095581055e+00 1.932858586311340332e+00 1.933192491531372070e+00 1.936807990074157715e+00 1.935957670211791992e+00
1.926773667335510254e+00 1.925954341888427734e+00 1.925796031951904297e+00 1.925240039825439453e+00 1.926963567733764648e+00 1.929380178451538086e+00 1.925842642784118652e+00 1.926244854927062988e+00 1.929780960083007812e+00 1.928919672966003418e+00
1.919613003730773926e+00 1.919531464576721191e+00 1.918739438056945801e+00 1.919300675392150879e+00 1.919940233230590820e+00 1.922185659408569336e+00 1.919266939163208008e+00 1.919712305068969727e+00 1.922843098640441895e+00 1.921949028968811035e+00
1.912629604339599609e+00 1.912582993507385254e+00 1.911746025085449219e+00 1.912806034088134766e+00 1.912889003753662109e+00 1.914810895919799805e+00 1.912583231925964355e+00 1.913485765457153320e+00 1.915817975997924805e+00 1.914963126182556152e+00
1.905776143074035645e+00 1.905392050743103027e+00 1.904913902282714844e+00 1.905698299407958984e+00 1.906056404113769531e+00 1.907821893692016602e+00 1.905438542366027832e+00 1.906001448631286621e+00 1.908888816833496094e+00 1.908052563667297363e+00
1.898889660835266113e+00 1.898249506950378418e+00 1.897910475730895996e+00 1.898543477058410645e+00 1.898992419242858887e+00 1.900902986526489258e+00 1.898367166519165039e+00 1.899288535118103027e+00 1.901993036270141602e+00 1.901140093803405762e+00
1.892026901245117188e+00 1.890914440155029297e+00 1.891165494918823242e+00 1.891021966934204102e+00 1.892044186592102051e+00 1.894268512725830078e+00 1.891042113304138184e+00 1.891466379165649414e+00 1.895100831985473633e+00 1.894268035888671875e+00
1.885044455528259277e+00 1.883773565292358398e+00 1.884217500686645508e+00 1.883773922920227051e+00 1.885190367698669434e+00 1.887684583663940430e+00 1.884033322334289551e+00 1.884794473648071289e+00 1.888210892677307129e+00 1.887398838996887207e+00
1.878357648849487305e+00 1.877050280570983887e+00 1.877519369125366211e+00 1.876628756523132324e+00 1.878580451011657715e+00 1.881107091903686523e+00 1.877317905426025391e+00 1.877380371093750000e+00 1.881407856941223145e+00 1.880610466003417969e+00
1.871564507484436035e+00 1.870766282081604004e+00 1.870673656463623047e+00 1.870166301727294922e+00 1.871775627136230469e+00 1.874470353126525879e+00 1.870811820030212402e+00 1.871067404747009277e+00 1.874595999717712402e+00 1.873802661895751953e+00
1.864757418632507324e+00 1.864766001701354980e+00 1.863968133926391602e+00 1.864232897758483887e+00 1.865097045898437500e+00 1.867339253425598145e+00 1.864456295967102051e+00 1.864854693412780762e+00 1.867849826812744141e+00 1.867054343223571777e+00
1.858082532882690430e+00 1.857977151870727539e+00 1.857260346412658691e+00 1.858367204666137695e+00 1.858327388763427734e+00 1.860147833824157715e+00 1.858010530471801758e+00 1.858543634414672852e+00 1.861080408096313477e+00 1.860296249389648438e+00
1.851406693458557129e+00 1.851167201995849609e+00 1.850499391555786133e+00 1.851365566253662109e+00 1.851559281349182129e+00 1.853286504745483398e+00 1.851259469985961914e+00 1.851953744888305664e+00 1.854432463645935059e+00 1.853598952293395996e+00
1.844792127609252930e+00 1.843864679336547852e+00 1.843959808349609375e+00 1.844019889831542969e+00 1.844774723052978516e+00 1.846725106239318848e+00 1.844011068344116211e+00 1.844492673873901367e+00 1.847714781761169434e+00 1.846944451332092285e+00
1.837919950485229492e+00 1.836763978004455566e+00 1.837186217308044434e+00 1.836656212806701660e+00 1.838060259819030762e+00 1.840480089187622070e+00 1.837065696716308594e+00 1.837690830230712891e+00 1.841051220893859863e+00 1.840285778045654297e+00
1.831479787826538086e+00 1.830266952514648438e+00 1.830670833587646484e+00 1.829740762710571289e+00 1.831695675849914551e+00 1.834210872650146484e+00 1.830534934997558594e+00 1.830566644668579102e+00 1.834445953369140625e+00 1.833661556243896484e+00
1.825033307075500488e+00 1.824361205101013184e+00 1.824208617210388184e+00 1.823526024818420410e+00 1.825234413146972656e+00 1.827710509300231934e+00 1.824242353439331055e+00 1.824389934539794922e+00 1.827876329421997070e+00 1.827064514160156250e+00
1.818156123161315918e+00 1.818524479866027832e+00 1.817456603050231934e+00 1.818912267684936523e+00 1.818679690361022949e+00 1.820649027824401855e+00 1.818510651588439941e+00 1.819128990173339844e+00 1.821265101432800293e+00 1.820503711700439453e+00
1.811801075935363770e+00 1.811553478240966797e+00 1.811015844345092773e+00 1.811787366867065430e+00 1.812027454376220703e+00 1.813694715499877930e+00 1.811599612236022949e+00 1.812023043632507324e+00 1.814741015434265137e+00 1.813963294029235840e+00
1.805440545082092285e+00 1.804673671722412109e+00 1.804638981819152832e+00 1.804835319519042969e+00 1.805380702018737793e+00 1.807127952575683594e+00 1.804838538169860840e+00 1.805447936058044434e+00 1.808225631713867188e+00 1.807465076446533203e+00
1.798623919486999512e+00 1.797551631927490234e+00 1.797968983650207520e+00 1.797481536865234375e+00 1.798736333847045898e+00 1.801101565361022949e+00 1.797881722450256348e+00 1.798206329345703125e+00 1.801705241203308105e+00 1.800996065139770508e+00
1.792355060577392578e+00 1.791254997253417969e+00 1.791583180427551270e+00 1.790653228759765625e+00 1.792592048645019531e+00 1.795109748840332031e+00 1.791498064994812012e+00 1.791726350784301758e+00 1.795293450355529785e+00 1.794518947601318359e+00
1.786012291908264160e+00 1.785574793815612793e+00 1.785263657569885254e+00 1.784552097320556641e+00 1.786247134208679199e+00 1.788674116134643555e+00 1.785361289978027344e+00 1.785380959510803223e+00 1.788834571838378906e+00 1.788101077079772949e+00
1.779372453689575195e+00 1.779600977897644043e+00 1.778748512268066406e+00 1.779957652091979980e+00 1.779884696006774902e+00 1.781733155250549316e+00 1.779637455940246582e+00 1.780101299285888672e+00 1.782418727874755859e+00 1.781702637672424316e+00
1.773155212402343750e+00 1.773030877113342285e+00 1.772370457649230957e+00 1.773175001144409180e+00 1.773248910903930664e+00 1.774930834770202637e+00 1.773161292076110840e+00 1.773509025573730469e+00 1.776104927062988281e+00 1.775325298309326172e+00
1.766763567924499512e+00 1.765882968902587891e+00 1.766087412834167480e+00 1.765949010848999023e+00 1.766727209091186523e+00 1.768749356269836426e+00 1.766139268875122070e+00 1.766589164733886719e+00 1.769660115242004395e+00 1.768980264663696289e+00
1.760574102401733398e+00 1.759330749511718750e+00 1.759859561920166016e+00 1.758919954299926758e+00 1.760653614997863770e+00 1.763039469718933105e+00 1.759585380554199219e+00 1.759888410568237305e+00 1.763361454010009766e+00 1.762670874595642090e+00
1.754140853881835938e+00 1.753659844398498535e+00 1.753473877906799316e+00 1.752691745758056641e+00 1.754410147666931152e+00 1.757143259048461914e+00 1.753676533699035645e+00 1.753708600997924805e+00 1.757115960121154785e+00 1.756345510482788086e+00
1.747759938240051270e+00 1.748167395591735840e+00 1.747171878814697266e+00 1.748510479927062988e+00 1.748344659805297852e+00 1.750234603881835938e+00 1.748178958892822266e+00 1.748648285865783691e+00 1.750687360763549805e+00 1.750110626220703125e+00
1.741687536239624023e+00 1.741726994514465332e+00 1.740937471389770508e+00 1.741844654083251953e+00 1.741878747940063477e+00 1.743511557579040527e+00 1.741846323013305664e+00 1.742089867591857910e+00 1.744549751281738281e+00 1.743847846984863281e+00
1.735442757606506348e+00 1.734601855278015137e+00 1.734791398048400879e+00 1.734670639038085938e+00 1.735322713851928711e+00 1.737279415130615234e+00 1.734883546829223633e+00 1.735262393951416016e+00 1.738257884979248047e+00 1.737621784210205078e+00
1.729347705841064453e+00 1.728151679039001465e+00 1.728648662567138672e+00 1.727694988250732422e+00 1.729442119598388672e+00 1.731792569160461426e+00 1.728371739387512207e+00 1.728666782379150391e+00 1.732056975364685059e+00 1.731428146362304688e+00
1.723289847373962402e+00 1.722782969474792480e+00 1.722561717033386230e+00 1.721701145172119141e+00 1.723452925682067871e+00 1.725995421409606934e+00 1.722670078277587891e+00 1.722680807113647461e+00 1.725972652435302734e+00 1.725249052047729492e+00
1.716821908950805664e+00 1.717080235481262207e+00 1.716270804405212402e+00 1.717381477355957031e+00 1.717402815818786621e+00 1.719148159027099609e+00 1.717122673988342285e+00 1.717510461807250977e+00 1.719674229621887207e+00 1.719115138053894043e+00
1.710727930068969727e+00 1.710609912872314453e+00 1.710121631622314453e+00 1.710742354393005371e+00 1.710854291915893555e+00 1.712546229362487793e+00 1.710809350013732910e+00 1.711017370223999023e+00 1.713724851608276367e+00 1.712992548942565918e+00
1.704608440399169922e+00 1.703667879104614258e+00 1.704021573066711426e+00 1.703613042831420898e+00 1.704473137855529785e+00 1.706760406494140625e+00 1.704030752182006836e+00 1.704340338706970215e+00 1.707432031631469727e+00 1.706880092620849609e+00
1.698637127876281738e+00 1.698047995567321777e+00 1.697943925857543945e+00 1.697282314300537109e+00 1.698858261108398438e+00 1.701478719711303711e+00 1.698282003402709961e+00 1.698337316513061523e+00 1.701455950736999512e+00 1.700804233551025391e+00
1.692550539970397949e+00 1.692829966545104980e+00 1.691943526268005371e+00 1.692096590995788574e+00 1.692948460578918457e+00 1.695139765739440918e+00 1.692552804946899414e+00 1.692695498466491699e+00 1.695324897766113281e+00 1.694766998291015625e+00
1.686599731445312500e+00 1.686498641967773438e+00 1.685950517654418945e+00 1.686633706092834473e+00 1.687020182609558105e+00 1.688497185707092285e+00 1.686540126800537109e+00 1.686833858489990234e+00 1.689302444458007812e+00 1.688734054565429688e+00
1.680623769760131836e+00 1.679861307144165039e+00 1.679978609085083008e+00 1.679901957511901855e+00 1.680372476577758789e+00 1.682257175445556641e+00 1.680167317390441895e+00 1.680390238761901855e+00 1.683345794677734375e+00 1.682731747627258301e+00
1.674671888351440430e+00 1.673586487770080566e+00 1.674003481864929199e+00 1.673043727874755859e+00 1.674729943275451660e+00 1.677105307579040527e+00 1.673769593238830566e+00 1.674013853073120117e+00 1.677279472351074219e+00 1.676737666130065918e+00
1.668724894523620605e+00 1.668547987937927246e+00 1.668060541152954102e+00 1.667339444160461426e+00 1.668936133384704590e+00 1.671414494514465332e+00 1.668303012847900391e+00 1.668371677398681641e+00 1.671437621116638184e+00 1.670770645141601562e+00
1.662795186042785645e+00 1.662702083587646484e+00 1.662132978439331055e+00 1.662913084030151367e+00 1.663215756416320801e+00 1.664701104164123535e+00 1.662713050842285156e+00 1.663056731224060059e+00 1.665334105491638184e+00 1.664822101593017578e+00
1.656904935836791992e+00 1.656268239021301270e+00 1.656229734420776367e+00 1.656340599060058594e+00 1.656648039817810059e+00 1.658338308334350586e+00 1.656580924987792969e+00 1.656651735305786133e+00 1.659564733505249023e+00 1.658902645111083984e+00
1.651004910469055176e+00 1.649856567382812500e+00 1.650336027145385742e+00 1.649438977241516113e+00 1.650886058807373047e+00 1.653200387954711914e+00 1.650083541870117188e+00 1.650287747383117676e+00 1.653469920158386230e+00 1.653007388114929199e+00
1.645141005516052246e+00 1.644828915596008301e+00 1.644460558891296387e+00 1.643706560134887695e+00 1.645323157310485840e+00 1.647856116294860840e+00 1.644699454307556152e+00 1.644720077514648438e+00 1.647782564163208008e+00 1.647143483161926270e+00
1.639279842376708984e+00 1.639196157455444336e+00 1.638608574867248535e+00 1.639399409294128418e+00 1.639669299125671387e+00 1.641168475151062012e+00 1.639213562011718750e+00 1.639529943466186523e+00 1.641708731651306152e+00 1.641280889511108398e+00
1.633438348770141602e+00 1.632830023765563965e+00 1.632770776748657227e+00 1.632899045944213867e+00 1.633222579956054688e+00 1.634901165962219238e+00 1.633160352706909180e+00 1.633199572563171387e+00 1.636105895042419434e+00 1.635434269905090332e+00
1.627612233161926270e+00 1.626505374908447266e+00 1.626947760581970215e+00 1.626043319702148438e+00 1.627446532249450684e+00 1.629789710044860840e+00 1.626697897911071777e+00 1.626913309097290039e+00 1.630023837089538574e+00 1.629636049270629883e+00
1.621794104576110840e+00 1.621639370918273926e+00 1.621136188507080078e+00 1.620489120483398438e+00 1.621989250183105469e+00 1.624498009681701660e+00 1.621432542800903320e+00 1.621486306190490723e+00 1.624470233917236328e+00 1.623821020126342773e+00
1.615987896919250488e+00 1.615893006324768066e+00 1.615346550941467285e+00 1.616048693656921387e+00 1.616419315338134766e+00 1.617858529090881348e+00 1.615905880928039551e+00 1.616231083869934082e+00 1.618474006652832031e+00 1.618045687675476074e+00
1.610212087631225586e+00 1.609545230865478516e+00 1.609605431556701660e+00 1.609544873237609863e+00 1.609988451004028320e+00 1.611722707748413086e+00 1.609896183013916016e+00 1.609945178031921387e+00 1.612894773483276367e+00 1.612304687500000000e+00
1.604443073272705078e+00 1.603591799736022949e+00 1.603834033012390137e+00 1.602863788604736328e+00 1.604445695877075195e+00 1.606927752494812012e+00 1.603749155998229980e+00 1.603889942169189453e+00 1.606953024864196777e+00 1.606552481651306152e+00
1.598676800727844238e+00 1.598935246467590332e+00 1.598090767860412598e+00 1.598105549812316895e+00 1.599036455154418945e+00 1.601292133331298828e+00 1.598645806312561035e+00 1.598730921745300293e+00 1.601347088813781738e+00 1.600838661193847656e+00
1.592953443527221680e+00 1.593012571334838867e+00 1.592365384101867676e+00 1.593064904212951660e+00 1.593361139297485352e+00 1.594836354255676270e+00 1.593176364898681641e+00 1.593339443206787109e+00 1.595546364784240723e+00 1.595115661621093750e+00
1.587228417396545410e+00 1.586429238319396973e+00 1.586640834808349609e+00 1.586329936981201172e+00 1.586949348449707031e+00 1.589124321937561035e+00 1.586807966232299805e+00 1.586946606636047363e+00 1.589852571487426758e+00 1.589437842369079590e+00
1.581549644470214844e+00 1.581272840499877930e+00 1.580961346626281738e+00 1.580372095108032227e+00 1.581623673439025879e+00 1.584478139877319336e+00 1.581449151039123535e+00 1.581416249275207520e+00 1.584218382835388184e+00 1.583771467208862305e+00
1.575893521308898926e+00 1.576218843460083008e+00 1.575374841690063477e+00 1.576430559158325195e+00 1.576467156410217285e+00 1.578297734260559082e+00 1.576237916946411133e+00 1.576625943183898926e+00 1.578467965126037598e+00 1.578131794929504395e+00
1.570292115211486816e+00 1.570105791091918945e+00 1.569741606712341309e+00 1.570192694664001465e+00 1.570423245429992676e+00 1.572053670883178711e+00 1.570462107658386230e+00 1.570460796356201172e+00 1.572981595993041992e+00 1.572518825531005859e+00
1.564936280250549316e+00 1.563912868499755859e+00 1.564263343811035156e+00 1.563440322875976562e+00 1.564608812332153320e+00 1.566919326782226562e+00 1.564108371734619141e+00 1.564225673675537109e+00 1.567165493965148926e+00 1.566885352134704590e+00
1.559261679649353027e+00 1.559176325798034668e+00 1.558601617813110352e+00 1.558104872703552246e+00 1.559404253959655762e+00 1.561951279640197754e+00 1.558994412422180176e+00 1.559038043022155762e+00 1.561852812767028809e+00 1.561306118965148926e+00
1.553618311882019043e+00 1.553564310073852539e+00 1.553019642829895020e+00 1.553604841232299805e+00 1.554034709930419922e+00 1.555397748947143555e+00 1.553628325462341309e+00 1.553846716880798340e+00 1.555973052978515625e+00 1.555734753608703613e+00
1.547981739044189453e+00 1.547259688377380371e+00 1.547403693199157715e+00 1.547167658805847168e+00 1.547767639160156250e+00 1.549684286117553711e+00 1.547660589218139648e+00 1.547680258750915527e+00 1.550613522529602051e+00 1.550158858299255371e+00
1.542400479316711426e+00 1.542165160179138184e+00 1.541805505752563477e+00 1.541276574134826660e+00 1.542354822158813477e+00 1.545204877853393555e+00 1.542355537414550781e+00 1.542298436164855957e+00 1.544942498207092285e+00 1.544608116149902344e+00
1.536864399909973145e+00 1.537148594856262207e+00 1.536319017410278320e+00 1.537329673767089844e+00 1.537402033805847168e+00 1.539226889610290527e+00 1.537164092063903809e+00 1.537537455558776855e+00 1.539334535598754883e+00 1.539085268974304199e+00
1.531455278396606445e+00 1.531145572662353516e+00 1.530833601951599121e+00 1.531179904937744141e+00 1.531471967697143555e+00 1.533091783523559570e+00 1.531535863876342773e+00 1.531460285186767578e+00 1.533953070640563965e+00 1.533573627471923828e+00
1.526036143302917480e+00 1.525131821632385254e+00 1.525366306304931641e+00 1.524536609649658203e+00 1.525783896446228027e+00 1.528108000755310059e+00 1.525296688079833984e+00 1.525406599044799805e+00 1.528257131576538086e+00 1.528058052062988281e+00
1.520468831062316895e+00 1.520700693130493164e+00 1.519877910614013672e+00 1.519937992095947266e+00 1.520729899406433105e+00 1.523089289665222168e+00 1.520405530929565430e+00 1.520505666732788086e+00 1.523085594177246094e+00 1.522595167160034180e+00
1.514935135841369629e+00 1.515145301818847656e+00 1.514340281486511230e+00 1.515212535858154297e+00 1.515224695205688477e+00 1.516699075698852539e+00 1.515429854393005371e+00 1.515443801879882812e+00 1.517352938652038574e+00 1.517120480537414551e+00
1.509483575820922852e+00 1.508706450462341309e+00 1.508934855461120605e+00 1.508420586585998535e+00 1.509294033050537109e+00 1.511457443237304688e+00 1.509023189544677734e+00 1.509086370468139648e+00 1.511909484863281250e+00 1.511693716049194336e+00
1.504155874252319336e+00 1.504091978073120117e+00 1.503539323806762695e+00 1.503060817718505859e+00 1.504105448722839355e+00 1.506940841674804688e+00 1.504032015800476074e+00 1.504068493843078613e+00 1.506582498550415039e+00 1.506237268447875977e+00
1.498782277107238770e+00 1.498693346977233887e+00 1.498119950294494629e+00 1.498737931251525879e+00 1.499189853668212891e+00 1.500578999519348145e+00 1.498746514320373535e+00 1.498984932899475098e+00 1.500967979431152344e+00 1.500823497772216797e+00
1.493268728256225586e+00 1.492600202560424805e+00 1.492684006690979004e+00 1.492482185363769531e+00 1.493103504180908203e+00 1.494929194450378418e+00 1.493029594421386719e+00 1.492977499961853027e+00 1.495864391326904297e+00 1.495423316955566406e+00
1.487854003906250000e+00 1.487713098526000977e+00 1.487241744995117188e+00 1.486764550209045410e+00 1.487650871276855469e+00 1.490562438964843750e+00 1.487867236137390137e+00 1.487755775451660156e+00 1.490240454673767090e+00 1.490043640136718750e+00
1.482526183128356934e+00 1.482651114463806152e+00 1.481940507888793945e+00 1.482759714126586914e+00 1.483022570610046387e+00 1.484702825546264648e+00 1.482662320137023926e+00 1.482975840568542480e+00 1.484843015670776367e+00 1.484665155410766602e+00
1.477269291877746582e+00 1.476744413375854492e+00 1.476608157157897949e+00 1.476682662963867188e+00 1.477142453193664551e+00 1.478817820549011230e+00 1.477177143096923828e+00 1.477055430412292480e+00 1.479664921760559082e+00 1.479326844215393066e+00
1.471807003021240234e+00 1.471432924270629883e+00 1.471238493919372559e+00 1.470468640327453613e+00 1.471575260162353516e+00 1.474216580390930176e+00 1.471631646156311035e+00 1.471490621566772461e+00 1.474058628082275391e+00 1.473969697952270508e+00
1.466482281684875488e+00 1.466755151748657227e+00 1.465900659561157227e+00 1.466861248016357422e+00 1.466969370841979980e+00 1.468853235244750977e+00 1.466765284538269043e+00 1.467107295989990234e+00 1.468869209289550781e+00 1.468664288520812988e+00
1.461357474327087402e+00 1.460972666740417480e+00 1.460693478584289551e+00 1.460949540138244629e+00 1.461272597312927246e+00 1.462814807891845703e+00 1.461377263069152832e+00 1.461194872856140137e+00 1.463550925254821777e+00 1.463336467742919922e+00
1.455963611602783203e+00 1.455352187156677246e+00 1.455356597900390625e+00 1.454487681388854980e+00 1.455778717994689941e+00 1.458148598670959473e+00 1.455505490303039551e+00 1.455443859100341797e+00 1.458119153976440430e+00 1.458039045333862305e+00
1.450592041015625000e+00 1.450966238975524902e+00 1.450006484985351562e+00 1.451076865196228027e+00 1.451045632362365723e+00 1.453045248985290527e+00 1.450966954231262207e+00 1.451354384422302246e+00 1.453065633773803711e+00 1.452759981155395508e+00
1.445375680923461914e+00 1.445191621780395508e+00 1.444807529449462891e+00 1.445170283317565918e+00 1.445378661155700684e+00 1.446944713592529297e+00 1.445600509643554688e+00 1.445467472076416016e+00 1.447576045989990234e+00 1.447500824928283691e+00
1.440209388732910156e+00 1.439550995826721191e+00 1.439587473869323730e+00 1.438748836517333984e+00 1.440080046653747559e+00 1.442292213439941406e+00 1.439690113067626953e+00 1.439628124237060547e+00 1.442326664924621582e+00 1.442277908325195312e+00
1.434865713119506836e+00 1.435282945632934570e+00 1.434285759925842285e+00 1.435364127159118652e+00 1.435275197029113770e+00 1.437344074249267578e+00 1.435273408889770508e+00 1.435649991035461426e+00 1.437360644340515137e+00 1.437028765678405762e+00
1.429680705070495605e+00 1.429536342620849609e+00 1.429136276245117188e+00 1.429509282112121582e+00 1.429688096046447754e+00 1.431234836578369141e+00 1.429939985275268555e+00 1.429806232452392578e+00 1.431838154792785645e+00 1.431813716888427734e+00
1.424579024314880371e+00 1.423976540565490723e+00 1.423957467079162598e+00 1.423132777214050293e+00 1.424490451812744141e+00 1.426652789115905762e+00 1.424083828926086426e+00 1.423975348472595215e+00 1.426657199859619141e+00 1.426624894142150879e+00
1.419266462326049805e+00 1.419666171073913574e+00 1.418709158897399902e+00 1.419725775718688965e+00 1.419639706611633301e+00 1.421723127365112305e+00 1.419642925262451172e+00 1.420013666152954102e+00 1.421730995178222656e+00 1.421409010887145996e+00
1.414169430732727051e+00 1.413975358009338379e+00 1.413614869117736816e+00 1.413916230201721191e+00 1.414121031761169434e+00 1.415637254714965820e+00 1.414384722709655762e+00 1.414207577705383301e+00 1.416228532791137695e+00 1.416254520416259766e+00
1.409062027931213379e+00 1.408538460731506348e+00 1.408481717109680176e+00 1.407640695571899414e+00 1.408970117568969727e+00 1.411141037940979004e+00 1.408648252487182617e+00 1.408489108085632324e+00 1.411110401153564453e+00 1.411124467849731445e+00
1.403823018074035645e+00 1.404143333435058594e+00 1.403305649757385254e+00 1.404168605804443359e+00 1.404190778732299805e+00 1.406191110610961914e+00 1.404126286506652832e+00 1.404460072517395020e+00 1.406213283538818359e+00 1.405978441238403320e+00
1.398871064186096191e+00 1.398543834686279297e+00 1.398238539695739746e+00 1.398446679115295410e+00 1.398738622665405273e+00 1.400219082832336426e+00 1.398969769477844238e+00 1.398715734481811523e+00 1.400756239891052246e+00 1.400857090950012207e+00
1.393663525581359863e+00 1.393490195274353027e+00 1.393115282058715820e+00 1.392460227012634277e+00 1.393499970436096191e+00 1.395882368087768555e+00 1.393623113632202148e+00 1.393349647521972656e+00 1.395740509033203125e+00 1.395758271217346191e+00
1.388584733009338379e+00 1.388780117034912109e+00 1.388098120689392090e+00 1.388726472854614258e+00 1.388951063156127930e+00 1.390795588493347168e+00 1.388749003410339355e+00 1.388991355895996094e+00 1.390778422355651855e+00 1.390691280364990234e+00
1.383612394332885742e+00 1.383150339126586914e+00 1.383073806762695312e+00 1.382950901985168457e+00 1.383414506912231445e+00 1.385019063949584961e+00 1.383592009544372559e+00 1.383332610130310059e+00 1.385587692260742188e+00 1.385629057884216309e+00
1.378436684608459473e+00 1.378579854965209961e+00 1.377974629402160645e+00 1.377337336540222168e+00 1.378174662590026855e+00 1.380863547325134277e+00 1.378674149513244629e+00 1.378301978111267090e+00 1.380472660064697266e+00 1.380569934844970703e+00
1.373542547225952148e+00 1.373579859733581543e+00 1.372941851615905762e+00 1.373506426811218262e+00 1.373962402343750000e+00 1.375414133071899414e+00 1.373534083366394043e+00 1.373684287071228027e+00 1.375479936599731445e+00 1.375549793243408203e+00
1.368424654006958008e+00 1.367905616760253906e+00 1.367946028709411621e+00 1.367545723915100098e+00 1.368256568908691406e+00 1.370044589042663574e+00 1.368339538574218750e+00 1.368084073066711426e+00 1.370694637298583984e+00 1.370552062988281250e+00
1.363593816757202148e+00 1.363850474357604980e+00 1.362991809844970703e+00 1.362684607505798340e+00 1.363205909729003906e+00 1.365870833396911621e+00 1.363709807395935059e+00 1.363405466079711914e+00 1.365361213684082031e+00 1.365548133850097656e+00
1.358527660369873047e+00 1.358820557594299316e+00 1.358027100563049316e+00 1.358814239501953125e+00 1.358802318572998047e+00 1.360131740570068359e+00 1.359089612960815430e+00 1.358984708786010742e+00 1.360481023788452148e+00 1.360585927963256836e+00
1.353658199310302734e+00 1.353112220764160156e+00 1.353124976158142090e+00 1.352423667907714844e+00 1.353578448295593262e+00 1.355427622795104980e+00 1.353307366371154785e+00 1.353018641471862793e+00 1.355669140815734863e+00 1.355647921562194824e+00
1.348685622215270996e+00 1.349098324775695801e+00 1.348196148872375488e+00 1.348582029342651367e+00 1.348612546920776367e+00 1.350931167602539062e+00 1.348954439163208008e+00 1.348974227905273438e+00 1.350625157356262207e+00 1.350740194320678711e+00
1.343830466270446777e+00 1.343693375587463379e+00 1.343331694602966309e+00 1.343556404113769531e+00 1.343749403953552246e+00 1.345094919204711914e+00 1.344085574150085449e+00 1.343832612037658691e+00 1.345589756965637207e+00 1.345824480056762695e+00
1.338924527168273926e+00 1.338854312896728516e+00 1.338451027870178223e+00 1.337852954864501953e+00 1.338906168937683105e+00 1.340967297554016113e+00 1.338933348655700684e+00 1.338585019111633301e+00 1.340809106826782227e+00 1.340956807136535645e+00
1.334124207496643066e+00 1.334301710128784180e+00 1.333605527877807617e+00 1.334116935729980469e+00 1.334360957145690918e+00 1.336119294166564941e+00 1.334200501441955566e+00 1.334334492683410645e+00 1.336092829704284668e+00 1.336099028587341309e+00
1.329221963882446289e+00 1.328764081001281738e+00 1.328769207000732422e+00 1.328371405601501465e+00 1.328994989395141602e+00 1.330645680427551270e+00 1.329184174537658691e+00 1.328865051269531250e+00 1.331072926521301270e+00 1.331259965896606445e+00
1.324505329132080078e+00 1.324839711189270020e+00 1.323985695838928223e+00 1.323585510253906250e+00 1.324156045913696289e+00 1.326643466949462891e+00 1.324707269668579102e+00 1.324282884597778320e+00 1.326140284538269043e+00 1.326444745063781738e+00
1.319616913795471191e+00 1.319859862327575684e+00 1.319242000579833984e+00 1.319826245307922363e+00 1.319815874099731445e+00 1.321117520332336426e+00 1.320163369178771973e+00 1.320017695426940918e+00 1.321471095085144043e+00 1.321669816970825195e+00
1.314973473548889160e+00 1.314579367637634277e+00 1.314528703689575195e+00 1.313772797584533691e+00 1.314986467361450195e+00 1.316776037216186523e+00 1.314670324325561523e+00 1.314298510551452637e+00 1.316777467727661133e+00 1.316923856735229492e+00
1.310196518898010254e+00 1.310487866401672363e+00 1.309880852699279785e+00 1.310249686241149902e+00 1.310269236564636230e+00 1.312252521514892578e+00 1.310345053672790527e+00 1.310545325279235840e+00 1.312173485755920410e+00 1.312214732170104980e+00
1.305520892143249512e+00 1.305161237716674805e+00 1.305136799812316895e+00 1.304824471473693848e+00 1.305310487747192383e+00 1.306761503219604492e+00 1.305558800697326660e+00 1.305179476737976074e+00 1.307113051414489746e+00 1.307500481605529785e+00
1.300905108451843262e+00 1.301249504089355469e+00 1.300434827804565430e+00 1.299869060516357422e+00 1.300701856613159180e+00 1.303027749061584473e+00 1.301173210144042969e+00 1.300644278526306152e+00 1.302520394325256348e+00 1.302812218666076660e+00
1.296186447143554688e+00 1.296420216560363770e+00 1.295837640762329102e+00 1.296372056007385254e+00 1.296367168426513672e+00 1.297619700431823730e+00 1.296716094017028809e+00 1.296555161476135254e+00 1.297900438308715820e+00 1.298193097114562988e+00
1.291682124137878418e+00 1.291347503662109375e+00 1.291318178176879883e+00 1.290542244911193848e+00 1.291724205017089844e+00 1.293413519859313965e+00 1.291402816772460938e+00 1.290999531745910645e+00 1.293356895446777344e+00 1.293571949005126953e+00
1.287025094032287598e+00 1.287296652793884277e+00 1.286676526069641113e+00 1.287003755569458008e+00 1.287110209465026855e+00 1.289010405540466309e+00 1.287129402160644531e+00 1.287246704101562500e+00 1.288968801498413086e+00 1.288986206054687500e+00
1.282481312751770020e+00 1.282061696052551270e+00 1.282141089439392090e+00 1.281552076339721680e+00 1.282264590263366699e+00 1.283784151077270508e+00 1.282422542572021484e+00 1.282053828239440918e+00 1.284077525138854980e+00 1.284464955329895020e+00
1.278062701225280762e+00 1.278462052345275879e+00 1.277712106704711914e+00 1.277415871620178223e+00 1.277842402458190918e+00 1.279999613761901855e+00 1.278242588043212891e+00 1.278073906898498535e+00 1.279497623443603516e+00 1.279938459396362305e+00
1.273597598075866699e+00 1.273487806320190430e+00 1.273159623146057129e+00 1.273345232009887695e+00 1.273512125015258789e+00 1.274672269821166992e+00 1.273811101913452148e+00 1.273532629013061523e+00 1.275114059448242188e+00 1.275446057319641113e+00
1.269112586975097656e+00 1.269257426261901855e+00 1.268849253654479980e+00 1.268123865127563477e+00 1.269120812416076660e+00 1.271012663841247559e+00 1.269403338432312012e+00 1.268926620483398438e+00 1.270671248435974121e+00 1.271008133888244629e+00
1.264722347259521484e+00 1.265072345733642578e+00 1.264361619949340820e+00 1.265036463737487793e+00 1.264962434768676758e+00 1.266160845756530762e+00 1.265325784683227539e+00 1.265182018280029297e+00 1.266276359558105469e+00 1.266603708267211914e+00
1.260440826416015625e+00 1.260141372680664062e+00 1.260103344917297363e+00 1.259365916252136230e+00 1.260478138923645020e+00 1.262065887451171875e+00 1.260229587554931641e+00 1.259773969650268555e+00 1.262028813362121582e+00 1.262251496315002441e+00
1.256123781204223633e+00 1.256274342536926270e+00 1.255678176879882812e+00 1.256011605262756348e+00 1.256110668182373047e+00 1.257906913757324219e+00 1.256067991256713867e+00 1.256181240081787109e+00 1.257807731628417969e+00 1.257928848266601562e+00
1.251766324043273926e+00 1.251367688179016113e+00 1.251443147659301758e+00 1.250689387321472168e+00 1.251641392707824707e+00 1.253116011619567871e+00 1.251612067222595215e+00 1.251159667968750000e+00 1.253429889678955078e+00 1.253626942634582520e+00
1.247591733932495117e+00 1.247776031494140625e+00 1.247307658195495605e+00 1.247539758682250977e+00 1.247416734695434570e+00 1.249377369880676270e+00 1.247493624687194824e+00 1.247839093208312988e+00 1.248991370201110840e+00 1.249410510063171387e+00
1.243384599685668945e+00 1.242899298667907715e+00 1.243008494377136230e+00 1.242451667785644531e+00 1.243065953254699707e+00 1.244493842124938965e+00 1.243210554122924805e+00 1.242911815643310547e+00 1.244748353958129883e+00 1.245195508003234863e+00
1.239269018173217773e+00 1.239535570144653320e+00 1.238862752914428711e+00 1.239429950714111328e+00 1.238957762718200684e+00 1.241045117378234863e+00 1.239199995994567871e+00 1.239717721939086914e+00 1.240583300590515137e+00 1.241052389144897461e+00
1.235191464424133301e+00 1.234792470932006836e+00 1.234796524047851562e+00 1.234496355056762695e+00 1.234895110130310059e+00 1.236176967620849609e+00 1.235063314437866211e+00 1.234753131866455078e+00 1.236483693122863770e+00 1.236935734748840332e+00
