2.326150834560394287e-01 5.397627949714660645e-01 2.490909248590469360e-01 3.806572556495666504e-01 3.077580332756042480e-01 5.428225994110107422e-01 2.830029726028442383e-01 4.815337061882019043e-01 4.425795972347259521e-01 1.956520825624465942e-01
2.290326207876205444e-01 5.377450585365295410e-01 2.452910989522933960e-01 3.722445964813232422e-01 3.050074577331542969e-01 5.425201654434204102e-01 2.795558273792266846e-01 4.765429496765136719e-01 4.414350986480712891e-01 1.980770826339721680e-01
2.243814468383789062e-01 5.061336755752563477e-01 2.316881567239761353e-01 3.571466803550720215e-01 2.924838662147521973e-01 5.261941552162170410e-01 2.614540457725524902e-01 4.687095284461975098e-01 4.338641166687011719e-01 1.844238489866256714e-01
2.119994610548019409e-01 4.678475856781005859e-01 2.166910767555236816e-01 3.373396396636962891e-01 2.754845023155212402e-01 5.097019672393798828e-01 2.548507452011108398e-01 4.455725848674774170e-01 4.210481941699981689e-01 1.780231148004531860e-01
1.893042027950286865e-01 3.962680697441101074e-01 2.062121331691741943e-01 3.150685131549835205e-01 2.435422390699386597e-01 4.724759459495544434e-01 2.577702105045318604e-01 4.040480256080627441e-01 3.931881785392761230e-01 1.750347167253494263e-01
1.620075702667236328e-01 3.022682368755340576e-01 1.930508464574813843e-01 2.866223752498626709e-01 1.997634470462799072e-01 3.951354920864105225e-01 2.619071304798126221e-01 3.446713089942932129e-01 3.250180184841156006e-01 1.684726923704147339e-01
1.389212012290954590e-01 2.330723851919174194e-01 1.874793767929077148e-01 2.646045982837677002e-01 1.620639264583587646e-01 3.091675639152526855e-01 2.733757793903350830e-01 2.835434079170227051e-01 2.453941702842712402e-01 1.685603559017181396e-01
1.227387562394142151e-01 2.186354845762252808e-01 1.836743503808975220e-01 2.505476772785186768e-01 1.424673199653625488e-01 2.426544278860092163e-01 2.703130841255187988e-01 2.422163188457489014e-01 1.775165200233459473e-01 1.716498583555221558e-01
1.244677603244781494e-01 2.413394600152969360e-01 1.840811669826507568e-01 2.494022101163864136e-01 1.445221900939941406e-01 2.298559993505477905e-01 2.683737874031066895e-01 2.483938187360763550e-01 1.543653756380081177e-01 1.666810512542724609e-01
1.340657025575637817e-01 2.416196167469024658e-01 1.812727153301239014e-01 2.575630545616149902e-01 1.520632654428482056e-01 2.567613124847412109e-01 2.603319287300109863e-01 2.727696001529693604e-01 1.774686723947525024e-01 1.637051105499267578e-01
1.279512345790863037e-01 1.999640911817550659e-01 1.780558079481124878e-01 2.514594495296478271e-01 1.429456025362014771e-01 2.649510502815246582e-01 2.658629715442657471e-01 2.593448758125305176e-01 1.907372027635574341e-01 1.688363403081893921e-01
1.041122674942016602e-01 1.288369446992874146e-01 1.730285286903381348e-01 2.262920141220092773e-01 1.138530746102333069e-01 2.172112464904785156e-01 2.754418253898620605e-01 1.946143358945846558e-01 1.623790562152862549e-01 1.711759865283966064e-01
7.778006047010421753e-02 6.785704940557479858e-02 1.665363460779190063e-01 2.043621093034744263e-01 8.122656494379043579e-02 1.325557231903076172e-01 2.662668824195861816e-01 1.214875131845474243e-01 1.050851643085479736e-01 1.639520972967147827e-01
6.772162765264511108e-02 5.794608592987060547e-02 1.735377013683319092e-01 2.090701311826705933e-01 7.308354228734970093e-02 7.969996333122253418e-02 2.767798900604248047e-01 8.396632969379425049e-02 6.755459308624267578e-02 1.598356068134307861e-01
7.207500934600830078e-02 7.858761399984359741e-02 1.794497221708297729e-01 2.181700319051742554e-01 8.206291496753692627e-02 7.622490078210830688e-02 2.856040000915527344e-01 9.124663472175598145e-02 6.226650252938270569e-02 1.708775460720062256e-01
7.502876222133636475e-02 9.144130349159240723e-02 1.667059808969497681e-01 2.051490396261215210e-01 8.392476290464401245e-02 9.216796606779098511e-02 2.628348171710968018e-01 1.053136140108108521e-01 6.552679091691970825e-02 1.699328124523162842e-01
7.644715905189514160e-02 9.095241874456405640e-02 1.683798730373382568e-01 2.074608653783798218e-01 8.417762815952301025e-02 1.029148176312446594e-01 2.657616734504699707e-01 1.110382229089736938e-01 7.029395550489425659e-02 1.690399050712585449e-01
7.369229942560195923e-02 7.210852205753326416e-02 1.634256839752197266e-01 2.024696618318557739e-01 7.778625935316085815e-02 1.019109860062599182e-01 2.589492499828338623e-01 1.070912554860115051e-01 7.189773023128509521e-02 1.618579328060150146e-01
6.498277932405471802e-02 5.544051527976989746e-02 1.639871299266815186e-01 1.940993219614028931e-01 6.989277899265289307e-02 8.832664787769317627e-02 2.688006162643432617e-01 8.651646971702575684e-02 6.867317110300064087e-02 1.650366634130477905e-01
5.812382698059082031e-02 4.673189297318458557e-02 1.615092009305953979e-01 1.868853121995925903e-01 6.298571825027465820e-02 6.586856395006179810e-02 2.612006068229675293e-01 6.633049994707107544e-02 5.805326253175735474e-02 1.563096046447753906e-01
5.599080771207809448e-02 4.605510830879211426e-02 1.618321388959884644e-01 1.886636912822723389e-01 6.273151189088821411e-02 5.703743547201156616e-02 2.607195377349853516e-01 5.949915200471878052e-02 5.416912958025932312e-02 1.571443825960159302e-01
5.858865752816200256e-02 5.065388232469558716e-02 1.620444506406784058e-01 1.917554587125778198e-01 6.658627092838287354e-02 5.933594703674316406e-02 2.613967657089233398e-01 6.354440003633499146e-02 5.481517687439918518e-02 1.590338647365570068e-01
5.931408703327178955e-02 5.432200059294700623e-02 1.613128781318664551e-01 1.943279951810836792e-01 6.642870604991912842e-02 6.022350490093231201e-02 2.528191804885864258e-01 6.877471506595611572e-02 5.251336470246315002e-02 1.552606076002120972e-01
6.519971787929534912e-02 6.586803495883941650e-02 1.683174669742584229e-01 2.007760107517242432e-01 7.278082519769668579e-02 7.009183615446090698e-02 2.640047669410705566e-01 7.972992211580276489e-02 5.750490725040435791e-02 1.672652363777160645e-01
6.888971477746963501e-02 7.740934938192367554e-02 1.712497621774673462e-01 2.083862721920013428e-01 7.775823026895523071e-02 8.042021095752716064e-02 2.641248703002929688e-01 9.258458763360977173e-02 6.202563270926475525e-02 1.683039963245391846e-01
7.748530060052871704e-02 9.928274154663085938e-02 1.809447109699249268e-01 2.175303548574447632e-01 8.718497306108474731e-02 9.408032149076461792e-02 2.817383408546447754e-01 1.128225550055503845e-01 6.888799369335174561e-02 1.716342419385910034e-01
8.118397742509841919e-02 1.118705719709396362e-01 1.764722764492034912e-01 2.171114981174468994e-01 9.025916457176208496e-02 1.126455217599868774e-01 2.706139385700225830e-01 1.306623518466949463e-01 7.788322865962982178e-02 1.740208119153976440e-01
9.411897510290145874e-02 1.349264979362487793e-01 1.880164444446563721e-01 2.398527860641479492e-01 1.029702201485633850e-01 1.408816725015640259e-01 2.811689078807830811e-01 1.618159264326095581e-01 9.535113722085952759e-02 1.851449012756347656e-01
1.070340648293495178e-01 1.548229306936264038e-01 1.945525407791137695e-01 2.632783055305480957e-01 1.150743290781974792e-01 1.695201545953750610e-01 2.914524674415588379e-01 1.949325501918792725e-01 1.129982247948646545e-01 1.874029487371444702e-01
1.185580492019653320e-01 1.791964024305343628e-01 2.083145529031753540e-01 2.814974784851074219e-01 1.292121410369873047e-01 2.051857709884643555e-01 3.102055788040161133e-01 2.264026701450347900e-01 1.396576315164566040e-01 2.001801580190658569e-01
1.230518966913223267e-01 1.869772523641586304e-01 2.066932320594787598e-01 2.853763997554779053e-01 1.347323209047317505e-01 2.278072685003280640e-01 3.087939023971557617e-01 2.408294230699539185e-01 1.579826623201370239e-01 2.025404274463653564e-01
1.244443580508232117e-01 1.755306124687194824e-01 2.065929770469665527e-01 2.818669974803924561e-01 1.341546326875686646e-01 2.392709553241729736e-01 3.091793358325958252e-01 2.413412928581237793e-01 1.713170707225799561e-01 2.070989608764648438e-01
1.128205060958862305e-01 1.391540914773941040e-01 2.046299874782562256e-01 2.749119997024536133e-01 1.194537281990051270e-01 2.111350744962692261e-01 3.141165971755981445e-01 2.140640914440155029e-01 1.537659615278244019e-01 1.957985162734985352e-01
9.976936131715774536e-02 1.066448837518692017e-01 2.081171274185180664e-01 2.691626250743865967e-01 1.046674326062202454e-01 1.684267669916152954e-01 3.254524767398834229e-01 1.692332625389099121e-01 1.258493065834045410e-01 2.041650116443634033e-01
8.812985569238662720e-02 1.069680899381637573e-01 2.069907337427139282e-01 2.613554298877716064e-01 9.642178565263748169e-02 1.253017038106918335e-01 3.253550231456756592e-01 1.370218545198440552e-01 9.282778948545455933e-02 2.111106067895889282e-01
1.006229966878890991e-01 1.508510112762451172e-01 2.146824002265930176e-01 2.774104773998260498e-01 1.119224429130554199e-01 1.348666250705718994e-01 3.331705629825592041e-01 1.685975044965744019e-01 9.231361001729965210e-02 2.072151452302932739e-01
1.210649013519287109e-01 2.035457938909530640e-01 2.194621860980987549e-01 2.984164357185363770e-01 1.338587850332260132e-01 1.936117857694625854e-01 3.336107432842254639e-01 2.269122898578643799e-01 1.272371709346771240e-01 2.211176455020904541e-01
1.368214190006256104e-01 2.464015781879425049e-01 2.227973639965057373e-01 3.130419254302978516e-01 1.539802700281143188e-01 2.460582405328750610e-01 3.296990692615509033e-01 2.700912654399871826e-01 1.640709638595581055e-01 2.162408977746963501e-01
1.459523290395736694e-01 2.824787497520446777e-01 2.243320643901824951e-01 3.208807706832885742e-01 1.684651076793670654e-01 2.843938469886779785e-01 3.268977999687194824e-01 2.954372167587280273e-01 1.881863921880722046e-01 2.142775356769561768e-01
1.598074734210968018e-01 3.183492720127105713e-01 2.309802174568176270e-01 3.383877873420715332e-01 1.857362687587738037e-01 3.132746219635009766e-01 3.298928737640380859e-01 3.213967084884643555e-01 2.060224413871765137e-01 2.111833244562149048e-01
1.604647636413574219e-01 3.405102789402008057e-01 2.264288067817687988e-01 3.343679606914520264e-01 1.912869662046432495e-01 3.299098312854766846e-01 3.192582428455352783e-01 3.229078948497772217e-01 2.115202695131301880e-01 2.096369415521621704e-01
1.670794188976287842e-01 3.719791769981384277e-01 2.325944900512695312e-01 3.395619988441467285e-01 2.034331709146499634e-01 3.470810353755950928e-01 3.234744966030120850e-01 3.302233815193176270e-01 2.176875472068786621e-01 2.105556726455688477e-01
1.733411699533462524e-01 3.919200599193572998e-01 2.285103797912597656e-01 3.404297530651092529e-01 2.120189815759658813e-01 3.650200366973876953e-01 3.117141127586364746e-01 3.491246104240417480e-01 2.267944067716598511e-01 2.032693922519683838e-01
1.881788372993469238e-01 4.280687868595123291e-01 2.328149080276489258e-01 3.532901406288146973e-01 2.327998131513595581e-01 4.118019342422485352e-01 3.133570551872253418e-01 3.856656849384307861e-01 2.670931518077850342e-01 2.054419368505477905e-01
1.964848935604095459e-01 4.578815400600433350e-01 2.342287003993988037e-01 3.592181801795959473e-01 2.481350898742675781e-01 4.461620450019836426e-01 3.085414767265319824e-01 4.117881953716278076e-01 3.016982972621917725e-01 2.007621824741363525e-01
2.059303075075149536e-01 4.842745661735534668e-01 2.362089455127716064e-01 3.619633615016937256e-01 2.625125050544738770e-01 4.759958982467651367e-01 3.049904704093933105e-01 4.328320324420928955e-01 3.330127596855163574e-01 1.971739381551742554e-01
2.144876867532730103e-01 5.054803490638732910e-01 2.353596091270446777e-01 3.667018115520477295e-01 2.749208509922027588e-01 5.032191872596740723e-01 2.954037785530090332e-01 4.522024691104888916e-01 3.660903275012969971e-01 1.930234879255294800e-01
2.251489013433456421e-01 5.409511923789978027e-01 2.419117689132690430e-01 3.750666379928588867e-01 2.940100729465484619e-01 5.357474684715270996e-01 2.981185317039489746e-01 4.743206799030303955e-01 4.046827256679534912e-01 1.937383115291595459e-01
2.324457913637161255e-01 5.741158127784729004e-01 2.486009448766708374e-01 3.805539906024932861e-01 3.111055791378021240e-01 5.735759735107421875e-01 3.015071451663970947e-01 4.920755326747894287e-01 4.453232586383819580e-01 1.941725909709930420e-01
2.402085214853286743e-01 5.905417203903198242e-01 2.508360743522644043e-01 3.818308711051940918e-01 3.220226764678955078e-01 5.936654806137084961e-01 2.963350415229797363e-01 5.002349019050598145e-01 4.749060571193695068e-01 1.939517110586166382e-01
2.463171929121017456e-01 6.046134233474731445e-01 2.526266276836395264e-01 3.881013393402099609e-01 3.331751525402069092e-01 6.087331175804138184e-01 2.910533547401428223e-01 5.127272605895996094e-01 4.976272583007812500e-01 1.891847699880599976e-01
2.524375915527343750e-01 6.227731108665466309e-01 2.593799531459808350e-01 3.942668735980987549e-01 3.441221714019775391e-01 6.176221966743469238e-01 2.912241816520690918e-01 5.193111896514892578e-01 5.127612948417663574e-01 1.874327361583709717e-01
2.562173306941986084e-01 6.308749318122863770e-01 2.594598829746246338e-01 3.934612274169921875e-01 3.514148294925689697e-01 6.346523761749267578e-01 2.869562506675720215e-01 5.228120088577270508e-01 5.339600443840026855e-01 1.909873038530349731e-01
2.619918882846832275e-01 6.458842158317565918e-01 2.660356462001800537e-01 3.998747467994689941e-01 3.613070845603942871e-01 6.418684720993041992e-01 2.882187366485595703e-01 5.283417105674743652e-01 5.472650527954101562e-01 1.916261464357376099e-01
2.704805731773376465e-01 6.737850308418273926e-01 2.770338952541351318e-01 4.116707146167755127e-01 3.772298097610473633e-01 6.634694933891296387e-01 2.959674000740051270e-01 5.425594449043273926e-01 5.690559744834899902e-01 1.960208714008331299e-01
2.781122028827667236e-01 6.944420933723449707e-01 2.859761118888854980e-01 4.199036955833435059e-01 3.900806307792663574e-01 6.804585456848144531e-01 3.022967278957366943e-01 5.524199008941650391e-01 5.863149762153625488e-01 1.997918784618377686e-01
2.842552661895751953e-01 7.062810659408569336e-01 2.916126847267150879e-01 4.270315766334533691e-01 3.985075354576110840e-01 6.928429603576660156e-01 3.038736581802368164e-01 5.585386157035827637e-01 6.001284718513488770e-01 2.048204392194747925e-01
2.872002720832824707e-01 7.088112831115722656e-01 2.967289090156555176e-01 4.344256818294525146e-01 4.038450121879577637e-01 6.978907585144042969e-01 3.019276261329650879e-01 5.634654164314270020e-01 6.075218319892883301e-01 2.053545117378234863e-01
2.912798225879669189e-01 7.166470289230346680e-01 3.003983497619628906e-01 4.368681311607360840e-01 4.105643630027770996e-01 7.056201100349426270e-01 3.024523258209228516e-01 5.666117668151855469e-01 6.173880100250244141e-01 2.093430310487747192e-01
2.946652472019195557e-01 7.232686281204223633e-01 3.049878180027008057e-01 4.412501156330108643e-01 4.171456992626190186e-01 7.095575928688049316e-01 3.049080669879913330e-01 5.678243637084960938e-01 6.234999299049377441e-01 2.110585272312164307e-01
2.997374534606933594e-01 7.370408177375793457e-01 3.142100572586059570e-01 4.502924680709838867e-01 4.255352020263671875e-01 7.153409123420715332e-01 3.098239004611968994e-01 5.730640292167663574e-01 6.303341388702392578e-01 2.143315970897674561e-01
3.081434369087219238e-01 7.437416911125183105e-01 3.205902278423309326e-01 4.597965180873870850e-01 4.344325363636016846e-01 7.319028973579406738e-01 3.145121932029724121e-01 5.812849998474121094e-01 6.461317539215087891e-01 2.221129089593887329e-01
3.047597110271453857e-01 7.391533851623535156e-01 3.205942809581756592e-01 4.593576788902282715e-01 4.338346719741821289e-01 7.231215238571166992e-01 3.132289946079254150e-01 5.795420408248901367e-01 6.395855545997619629e-01 2.182034254074096680e-01
3.083654642105102539e-01 7.427341341972351074e-01 3.248573541641235352e-01 4.634535610675811768e-01 4.351485073566436768e-01 7.270343303680419922e-01 3.190741539001464844e-01 5.790323019027709961e-01 6.432929039001464844e-01 2.248362600803375244e-01
3.070909678936004639e-01 7.362174987792968750e-01 3.244264721870422363e-01 4.643405377864837646e-01 4.325467050075531006e-01 7.287917733192443848e-01 3.198475539684295654e-01 5.808530449867248535e-01 6.448954939842224121e-01 2.275961786508560181e-01
3.008660972118377686e-01 7.186498045921325684e-01 3.161240816116333008e-01 4.599426090717315674e-01 4.222084283828735352e-01 7.205967903137207031e-01 3.211845755577087402e-01 5.761059522628784180e-01 6.353870034217834473e-01 2.294129580259323120e-01
2.894361317157745361e-01 6.909333467483520508e-01 3.042648434638977051e-01 4.482572078704833984e-01 4.026209414005279541e-01 7.032739520072937012e-01 3.231942355632781982e-01 5.629514455795288086e-01 6.167135834693908691e-01 2.273786216974258423e-01
2.787165939807891846e-01 6.647807359695434570e-01 2.986776232719421387e-01 4.411321282386779785e-01 3.803618848323822021e-01 6.706154942512512207e-01 3.248075544834136963e-01 5.477804541587829590e-01 5.775447487831115723e-01 2.234191298484802246e-01
2.814532816410064697e-01 6.746082305908203125e-01 3.078759908676147461e-01 4.546203315258026123e-01 3.821402192115783691e-01 6.652709841728210449e-01 3.338575363159179688e-01 5.541294217109680176e-01 5.558023452758789062e-01 2.325415760278701782e-01
2.840480804443359375e-01 6.661738753318786621e-01 3.070658445358276367e-01 4.557173848152160645e-01 3.838877379894256592e-01 6.644559502601623535e-01 3.338250219821929932e-01 5.556751489639282227e-01 5.550761222839355469e-01 2.320702821016311646e-01
2.787184119224548340e-01 6.618771553039550781e-01 3.091806173324584961e-01 4.566199481487274170e-01 3.789813816547393799e-01 6.601437926292419434e-01 3.383077681064605713e-01 5.499828457832336426e-01 5.586172342300415039e-01 2.353888601064682007e-01
2.887120544910430908e-01 6.793985366821289062e-01 3.237296938896179199e-01 4.728443324565887451e-01 3.887232840061187744e-01 6.653378009796142578e-01 3.390943109989166260e-01 5.571156144142150879e-01 5.517345070838928223e-01 2.434891611337661743e-01
2.996036410331726074e-01 7.048119902610778809e-01 3.386235237121582031e-01 4.913046360015869141e-01 4.087401032447814941e-01 6.825093030929565430e-01 3.453990221023559570e-01 5.696789026260375977e-01 5.671014785766601562e-01 2.511281669139862061e-01
3.092434108257293701e-01 7.183289527893066406e-01 3.513167202472686768e-01 5.074165463447570801e-01 4.232867360115051270e-01 7.001177072525024414e-01 3.518300950527191162e-01 5.804430842399597168e-01 5.895584225654602051e-01 2.589665055274963379e-01
3.150991797447204590e-01 7.342973947525024414e-01 3.641986846923828125e-01 5.199018120765686035e-01 4.339314401149749756e-01 7.123818993568420410e-01 3.598430454730987549e-01 5.863804221153259277e-01 5.994175672531127930e-01 2.643046975135803223e-01
3.237563669681549072e-01 7.441749572753906250e-01 3.759770691394805908e-01 5.387803316116333008e-01 4.441124498844146729e-01 7.183325886726379395e-01 3.665635883808135986e-01 5.993339419364929199e-01 6.035180687904357910e-01 2.736351490020751953e-01
3.226410746574401855e-01 7.329182624816894531e-01 3.734762072563171387e-01 5.400036573410034180e-01 4.431486129760742188e-01 7.187637686729431152e-01 3.642726838588714600e-01 5.983979701995849609e-01 6.099710464477539062e-01 2.736243903636932373e-01
3.181998729705810547e-01 7.235985994338989258e-01 3.712599873542785645e-01 5.358547568321228027e-01 4.355284571647644043e-01 7.062444686889648438e-01 3.630785048007965088e-01 5.901284813880920410e-01 5.976397991180419922e-01 2.737280428409576416e-01
3.192068934440612793e-01 7.355412244796752930e-01 3.827516436576843262e-01 5.472972393035888672e-01 4.375772774219512939e-01 7.121915221214294434e-01 3.783593475818634033e-01 5.961243510246276855e-01 5.970391631126403809e-01 2.827339768409729004e-01
2.996053397655487061e-01 6.797825694084167480e-01 3.533598482608795166e-01 5.162643194198608398e-01 4.041175544261932373e-01 6.907494664192199707e-01 3.639031648635864258e-01 5.661530494689941406e-01 5.718501806259155273e-01 2.808127701282501221e-01
2.780986726284027100e-01 6.212962269783020020e-01 3.296795189380645752e-01 4.925476908683776855e-01 3.658806085586547852e-01 6.299770474433898926e-01 3.575041592121124268e-01 5.388086438179016113e-01 5.068587660789489746e-01 2.646706998348236084e-01
2.536295950412750244e-01 5.433889031410217285e-01 3.065708577632904053e-01 4.639589786529541016e-01 3.280767202377319336e-01 5.946471095085144043e-01 3.569432199001312256e-01 5.048483610153198242e-01 4.867390692234039307e-01 2.585917711257934570e-01
2.452033013105392456e-01 5.439491271972656250e-01 3.076914250850677490e-01 4.585519731044769287e-01 3.119925856590270996e-01 5.399489998817443848e-01 3.565762937068939209e-01 4.848018884658813477e-01 4.322790801525115967e-01 2.590957581996917725e-01
2.710111439228057861e-01 6.103349924087524414e-01 3.268072903156280518e-01 4.863163530826568604e-01 3.460617065429687500e-01 5.651924610137939453e-01 3.538765311241149902e-01 5.197017192840576172e-01 4.305779933929443359e-01 2.652578055858612061e-01
2.875848412513732910e-01 6.557534337043762207e-01 3.417674899101257324e-01 5.096316933631896973e-01 3.822534084320068359e-01 6.332787871360778809e-01 3.596213459968566895e-01 5.533490180969238281e-01 5.059877634048461914e-01 2.683770358562469482e-01
2.912679314613342285e-01 6.634476184844970703e-01 3.436288535594940186e-01 5.083507299423217773e-01 3.919839262962341309e-01 6.630643010139465332e-01 3.597044944763183594e-01 5.578004717826843262e-01 5.481299757957458496e-01 2.738627195358276367e-01
2.831547260284423828e-01 6.406285762786865234e-01 3.318153917789459229e-01 4.949279129505157471e-01 3.815355896949768066e-01 6.548303961753845215e-01 3.553271591663360596e-01 5.470780730247497559e-01 5.481788516044616699e-01 2.660023272037506104e-01
2.782256603240966797e-01 6.047316193580627441e-01 3.256395161151885986e-01 4.954054057598114014e-01 3.684248924255371094e-01 6.510160565376281738e-01 3.621988296508789062e-01 5.460686087608337402e-01 5.535505414009094238e-01 2.722708284854888916e-01
2.493127584457397461e-01 5.272399783134460449e-01 2.998695969581604004e-01 4.585381746292114258e-01 3.255938589572906494e-01 6.011727452278137207e-01 3.542264103889465332e-01 5.019306540489196777e-01 5.137619376182556152e-01 2.591625750064849854e-01
2.184725999832153320e-01 4.191811680793762207e-01 2.765627503395080566e-01 4.214622676372528076e-01 2.726628482341766357e-01 5.222875475883483887e-01 3.507924973964691162e-01 4.421938359737396240e-01 4.409131109714508057e-01 2.526195943355560303e-01
1.787862777709960938e-01 2.822957932949066162e-01 2.546690106391906738e-01 3.768847882747650146e-01 2.078029364347457886e-01 4.098936021327972412e-01 3.463077545166015625e-01 3.515911698341369629e-01 3.429135978221893311e-01 2.423974871635437012e-01
1.535047739744186401e-01 2.326073795557022095e-01 2.571710348129272461e-01 3.572393655776977539e-01 1.711430996656417847e-01 2.962667346000671387e-01 3.605719208717346191e-01 2.791698873043060303e-01 2.342011630535125732e-01 2.430054694414138794e-01
1.524436026811599731e-01 2.590994238853454590e-01 2.597471475601196289e-01 3.547757565975189209e-01 1.716794222593307495e-01 2.625452280044555664e-01 3.699096143245697021e-01 2.737110853195190430e-01 1.826878935098648071e-01 2.511870861053466797e-01
1.640410572290420532e-01 2.907930016517639160e-01 2.605754733085632324e-01 3.671482801437377930e-01 1.846132725477218628e-01 2.873309254646301270e-01 3.654022514820098877e-01 2.992238998413085938e-01 1.952992081642150879e-01 2.540164589881896973e-01
1.826717853546142578e-01 3.481111228466033936e-01 2.678618133068084717e-01 3.931954503059387207e-01 2.075986564159393311e-01 3.304259479045867920e-01 3.586651384830474854e-01 3.467745482921600342e-01 2.255623638629913330e-01 2.544249296188354492e-01
2.062373012304306030e-01 4.140242636203765869e-01 2.839118838310241699e-01 4.215796589851379395e-01 2.408227026462554932e-01 3.980208337306976318e-01 3.685621917247772217e-01 4.021638929843902588e-01 2.763209342956542969e-01 2.614480555057525635e-01
2.170525938272476196e-01 4.506343603134155273e-01 2.863785922527313232e-01 4.327039718627929688e-01 2.607721090316772461e-01 4.455417990684509277e-01 3.641266226768493652e-01 4.320240616798400879e-01 3.185462951660156250e-01 2.617483437061309814e-01
2.322434037923812866e-01 4.799672961235046387e-01 2.959538698196411133e-01 4.526821970939636230e-01 2.797170281410217285e-01 4.886597096920013428e-01 3.686029314994812012e-01 4.625037610530853271e-01 3.613261878490447998e-01 2.674008905887603760e-01
2.396436333656311035e-01 5.013776421546936035e-01 3.031394779682159424e-01 4.635839462280273438e-01 2.943729758262634277e-01 5.244759321212768555e-01 3.745277225971221924e-01 4.823528230190277100e-01 3.961517512798309326e-01 2.700895071029663086e-01
2.449259161949157715e-01 5.096613168716430664e-01 3.065187335014343262e-01 4.685770273208618164e-01 3.030568063259124756e-01 5.416042208671569824e-01 3.820696473121643066e-01 4.934162497520446777e-01 4.181247949600219727e-01 2.721642851829528809e-01
2.336815148591995239e-01 4.660230278968811035e-01 2.991473674774169922e-01 4.541817307472229004e-01 2.885559797286987305e-01 5.428309440612792969e-01 3.814814090728759766e-01 4.747865796089172363e-01 4.316116273403167725e-01 2.768304646015167236e-01
2.002481222152709961e-01 3.372994661331176758e-01 2.715770602226257324e-01 4.099676311016082764e-01 2.353091090917587280e-01 4.738573133945465088e-01 3.631726205348968506e-01 4.007012546062469482e-01 3.865582048892974854e-01 2.616077661514282227e-01
1.609818339347839355e-01 2.410646677017211914e-01 2.589491605758666992e-01 3.698375821113586426e-01 1.825613230466842651e-01 3.505511879920959473e-01 3.612039089202880859e-01 3.053035438060760498e-01 2.823591530323028564e-01 2.474125623703002930e-01
1.500376611948013306e-01 2.609657645225524902e-01 2.537422180175781250e-01 3.499212563037872314e-01 1.696704477071762085e-01 2.658690214157104492e-01 3.577335774898529053e-01 2.663046121597290039e-01 1.915738880634307861e-01 2.484795749187469482e-01
1.735724806785583496e-01 3.432765007019042969e-01 2.609868943691253662e-01 3.785980939865112305e-01 2.008810788393020630e-01 3.077992796897888184e-01 3.558315038681030273e-01 3.302208185195922852e-01 2.026368528604507446e-01 2.474458366632461548e-01
1.990106850862503052e-01 3.975371122360229492e-01 2.693896591663360596e-01 4.023541808128356934e-01 2.318092435598373413e-01 3.948689401149749756e-01 3.537970781326293945e-01 3.922451138496398926e-01 2.736751139163970947e-01 2.508362531661987305e-01
2.079828381538391113e-01 4.245110154151916504e-01 2.702076733112335205e-01 4.097038209438323975e-01 2.488120496273040771e-01 4.367042779922485352e-01 3.504278957843780518e-01 4.194557964801788330e-01 3.175143003463745117e-01 2.426281273365020752e-01
2.126807123422622681e-01 4.174430966377258301e-01 2.702874243259429932e-01 4.122170507907867432e-01 2.541216015815734863e-01 4.638535678386688232e-01 3.495118319988250732e-01 4.329824149608612061e-01 3.508855402469635010e-01 2.449669986963272095e-01
2.069393545389175415e-01 3.896877765655517578e-01 2.641739249229431152e-01 4.048248529434204102e-01 2.499327808618545532e-01 4.761801958084106445e-01 3.513016998767852783e-01 4.298579096794128418e-01 3.782840967178344727e-01 2.503377795219421387e-01
2.069667726755142212e-01 3.678480386734008789e-01 2.648161053657531738e-01 4.031309485435485840e-01 2.433900535106658936e-01 4.711810946464538574e-01 3.580116629600524902e-01 4.210438728332519531e-01 3.828954100608825684e-01 2.498722374439239502e-01
1.767794191837310791e-01 2.771016657352447510e-01 2.481661885976791382e-01 3.663186430931091309e-01 2.020014822483062744e-01 4.062229692935943604e-01 3.544895350933074951e-01 3.534736335277557373e-01 3.314590454101562500e-01 2.404410690069198608e-01
1.397155821323394775e-01 1.799814552068710327e-01 2.390294224023818970e-01 3.261408507823944092e-01 1.523269265890121460e-01 2.975358664989471436e-01 3.601561784744262695e-01 2.544762492179870605e-01 2.391393184661865234e-01 2.385078817605972290e-01
1.213385239243507385e-01 1.712924540042877197e-01 2.279682010412216187e-01 2.975428998470306396e-01 1.300740092992782593e-01 2.006916552782058716e-01 3.490532636642456055e-01 1.962064206600189209e-01 1.485818177461624146e-01 2.324347198009490967e-01
1.315702795982360840e-01 2.030109018087387085e-01 2.232483327388763428e-01 3.023811280727386475e-01 1.396695971488952637e-01 2.017005234956741333e-01 3.365568518638610840e-01 2.264816462993621826e-01 1.334179192781448364e-01 2.117017656564712524e-01
1.413858383893966675e-01 2.453662455081939697e-01 2.287436127662658691e-01 3.138285577297210693e-01 1.548924148082733154e-01 2.397601306438446045e-01 3.416424393653869629e-01 2.565730512142181396e-01 1.586795449256896973e-01 2.184385061264038086e-01
1.624778807163238525e-01 3.142538070678710938e-01 2.417456209659576416e-01 3.403350710868835449e-01 1.821709722280502319e-01 2.895123064517974854e-01 3.516050875186920166e-01 3.047747313976287842e-01 1.897889673709869385e-01 2.367217838764190674e-01
1.875449866056442261e-01 3.813206553459167480e-01 2.530955970287322998e-01 3.734150230884552002e-01 2.169021666049957275e-01 3.613306581974029541e-01 3.511182069778442383e-01 3.702564239501953125e-01 2.423523515462875366e-01 2.378542125225067139e-01
2.126830369234085083e-01 4.402719736099243164e-01 2.690047323703765869e-01 4.067164063453674316e-01 2.506938874721527100e-01 4.395352900028228760e-01 3.555046617984771729e-01 4.276194572448730469e-01 3.108916878700256348e-01 2.468761801719665527e-01
2.212803661823272705e-01 4.692695438861846924e-01 2.658687829971313477e-01 4.121156036853790283e-01 2.695776820182800293e-01 4.848702847957611084e-01 3.377443850040435791e-01 4.524734914302825928e-01 3.605815172195434570e-01 2.425299435853958130e-01
2.366667389869689941e-01 5.192894935607910156e-01 2.814646959304809570e-01 4.329141378402709961e-01 2.954208254814147949e-01 5.257173180580139160e-01 3.438681066036224365e-01 4.833095073699951172e-01 4.064864814281463623e-01 2.432675212621688843e-01
2.581199407577514648e-01 5.694753527641296387e-01 2.971860170364379883e-01 4.622899889945983887e-01 3.282037377357482910e-01 5.775820016860961914e-01 3.514077067375183105e-01 5.236265659332275391e-01 4.611249864101409912e-01 2.496133744716644287e-01
2.695433795452117920e-01 6.010461449623107910e-01 3.025272190570831299e-01 4.712457060813903809e-01 3.496768474578857422e-01 6.261543631553649902e-01 3.522978723049163818e-01 5.418054461479187012e-01 5.153922438621520996e-01 2.573240697383880615e-01
2.666839361190795898e-01 6.199117302894592285e-01 3.012629747390747070e-01 4.621211290359497070e-01 3.564987480640411377e-01 6.433869600296020508e-01 3.464415371417999268e-01 5.386303663253784180e-01 5.407044887542724609e-01 2.618635296821594238e-01
2.729371786117553711e-01 6.319734454154968262e-01 3.040619790554046631e-01 4.630253314971923828e-01 3.666198551654815674e-01 6.499958634376525879e-01 3.407093584537506104e-01 5.431609153747558594e-01 5.503534078598022461e-01 2.540151178836822510e-01
2.787068784236907959e-01 6.512534022331237793e-01 3.085100352764129639e-01 4.726205170154571533e-01 3.775234222412109375e-01 6.599456071853637695e-01 3.374369740486145020e-01 5.536731481552124023e-01 5.642955899238586426e-01 2.481030076742172241e-01
2.875300049781799316e-01 6.709201931953430176e-01 3.131681382656097412e-01 4.791909754276275635e-01 3.895316123962402344e-01 6.842048168182373047e-01 3.392596542835235596e-01 5.636545419692993164e-01 5.883312225341796875e-01 2.550153434276580811e-01
2.845987975597381592e-01 6.760789752006530762e-01 3.122473657131195068e-01 4.726066291332244873e-01 3.904471099376678467e-01 6.825685501098632812e-01 3.326193392276763916e-01 5.578090548515319824e-01 5.850740075111389160e-01 2.518972456455230713e-01
2.903932332992553711e-01 6.869701147079467773e-01 3.162688314914703369e-01 4.792165160179138184e-01 3.920332789421081543e-01 6.814382672309875488e-01 3.313476443290710449e-01 5.627968311309814453e-01 5.675801634788513184e-01 2.517334818840026855e-01
2.963127791881561279e-01 7.100993394851684570e-01 3.242581188678741455e-01 4.844456613063812256e-01 4.055490195751190186e-01 6.983103156089782715e-01 3.409987688064575195e-01 5.723879337310791016e-01 5.659194588661193848e-01 2.559506893157958984e-01
2.976282238960266113e-01 7.184145450592041016e-01 3.279170393943786621e-01 4.824796617031097412e-01 4.151044785976409912e-01 7.131668329238891602e-01 3.387534320354461670e-01 5.728262066841125488e-01 6.043400168418884277e-01 2.573439180850982666e-01
3.039175868034362793e-01 7.175601124763488770e-01 3.312844336032867432e-01 4.919529855251312256e-01 4.198929667472839355e-01 7.058109045028686523e-01 3.349414169788360596e-01 5.790129899978637695e-01 6.053539514541625977e-01 2.500035464763641357e-01
3.134003877639770508e-01 7.455382943153381348e-01 3.442147672176361084e-01 5.075330734252929688e-01 4.358512163162231445e-01 7.296742796897888184e-01 3.460034728050231934e-01 5.946453213691711426e-01 6.281980276107788086e-01 2.614401876926422119e-01
3.139792680740356445e-01 7.520199418067932129e-01 3.459973633289337158e-01 5.030159354209899902e-01 4.400910735130310059e-01 7.528455257415771484e-01 3.468637466430664062e-01 5.921230316162109375e-01 6.520006060600280762e-01 2.728803455829620361e-01
3.096931874752044678e-01 7.281191945075988770e-01 3.372765779495239258e-01 4.946157038211822510e-01 4.318538606166839600e-01 7.287365198135375977e-01 3.332698047161102295e-01 5.795338153839111328e-01 6.326751112937927246e-01 2.575991451740264893e-01
3.131696581840515137e-01 7.377511858940124512e-01 3.450966179370880127e-01 5.038632154464721680e-01 4.386997818946838379e-01 7.337002158164978027e-01 3.379153013229370117e-01 5.851390957832336426e-01 6.345576643943786621e-01 2.608484029769897461e-01
3.156059682369232178e-01 7.438683509826660156e-01 3.475199341773986816e-01 5.070313811302185059e-01 4.430530667304992676e-01 7.393894195556640625e-01 3.395568430423736572e-01 5.882558226585388184e-01 6.412809491157531738e-01 2.619466185569763184e-01
3.099341690540313721e-01 7.391607165336608887e-01 3.440448641777038574e-01 4.978047609329223633e-01 4.378837645053863525e-01 7.322222590446472168e-01 3.369437158107757568e-01 5.772284269332885742e-01 6.327278017997741699e-01 2.620871067047119141e-01
3.151496946811676025e-01 7.373734712600708008e-01 3.485851883888244629e-01 5.044270753860473633e-01 4.411879479885101318e-01 7.280310392379760742e-01 3.349764943122863770e-01 5.825453400611877441e-01 6.278383731842041016e-01 2.596870362758636475e-01
3.174471855163574219e-01 7.411088943481445312e-01 3.480547666549682617e-01 5.049552917480468750e-01 4.424011409282684326e-01 7.311017513275146484e-01 3.377674520015716553e-01 5.868832468986511230e-01 6.318845748901367188e-01 2.622472345829010010e-01
3.162183165550231934e-01 7.577766180038452148e-01 3.488307297229766846e-01 5.031558275222778320e-01 4.432719945907592773e-01 7.403789162635803223e-01 3.473914563655853271e-01 5.893386602401733398e-01 6.399752497673034668e-01 2.678927183151245117e-01
3.120407760143280029e-01 7.405611872673034668e-01 3.439841270446777344e-01 4.980831742286682129e-01 4.344183802604675293e-01 7.340788245201110840e-01 3.390922248363494873e-01 5.825321078300476074e-01 6.283630728721618652e-01 2.626859545707702637e-01
3.085557222366333008e-01 7.217168807983398438e-01 3.394121229648590088e-01 4.968131780624389648e-01 4.276038408279418945e-01 7.155702114105224609e-01 3.312683999538421631e-01 5.766391754150390625e-01 6.088243722915649414e-01 2.552831470966339111e-01
3.121256232261657715e-01 7.381249070167541504e-01 3.451611399650573730e-01 5.027650594711303711e-01 4.335738718509674072e-01 7.242696285247802734e-01 3.418747186660766602e-01 5.843182206153869629e-01 6.167215108871459961e-01 2.617331445217132568e-01
3.016314208507537842e-01 7.141899466514587402e-01 3.324031233787536621e-01 4.924612343311309814e-01 4.186993837356567383e-01 7.166499495506286621e-01 3.398613631725311279e-01 5.755932927131652832e-01 6.124831438064575195e-01 2.642319500446319580e-01
2.798790037631988525e-01 6.598285436630249023e-01 3.094209730625152588e-01 4.731473624706268311e-01 3.807011544704437256e-01 6.897056102752685547e-01 3.404749631881713867e-01 5.548290014266967773e-01 5.884121656417846680e-01 2.608296871185302734e-01
2.872106432914733887e-01 6.866412162780761719e-01 3.271252214908599854e-01 4.951355159282684326e-01 3.846079707145690918e-01 6.688271760940551758e-01 3.541676402091979980e-01 5.646605491638183594e-01 5.469775199890136719e-01 2.621257007122039795e-01
2.994064986705780029e-01 7.240511178970336914e-01 3.442615568637847900e-01 5.123920440673828125e-01 4.086079597473144531e-01 6.919947266578674316e-01 3.607782423496246338e-01 5.811766982078552246e-01 5.568559169769287109e-01 2.748844921588897705e-01
2.974827289581298828e-01 7.127614021301269531e-01 3.426585793495178223e-01 5.147824883460998535e-01 4.077739417552947998e-01 7.007876634597778320e-01 3.569220304489135742e-01 5.802262425422668457e-01 5.787414908409118652e-01 2.749459445476531982e-01
2.897723317146301270e-01 6.829874515533447266e-01 3.309090435504913330e-01 5.099564790725708008e-01 3.941767811775207520e-01 6.951922774314880371e-01 3.508255481719970703e-01 5.751736760139465332e-01 5.738897919654846191e-01 2.713436782360076904e-01
2.854521572589874268e-01 6.665861606597900391e-01 3.298352062702178955e-01 5.126068592071533203e-01 3.818079829216003418e-01 6.761717200279235840e-01 3.611125051975250244e-01 5.723574757575988770e-01 5.540254116058349609e-01 2.714225351810455322e-01
2.784669399261474609e-01 6.567790508270263672e-01 3.292251527309417725e-01 5.128794908523559570e-01 3.704300820827484131e-01 6.577625274658203125e-01 3.646407127380371094e-01 5.641704797744750977e-01 5.281848907470703125e-01 2.765251696109771729e-01
2.794930934906005859e-01 6.619572043418884277e-01 3.312094211578369141e-01 5.114699006080627441e-01 3.709421753883361816e-01 6.503930687904357910e-01 3.658767938613891602e-01 5.604531168937683105e-01 5.113616585731506348e-01 2.791105508804321289e-01
2.850837111473083496e-01 6.764940023422241211e-01 3.373932540416717529e-01 5.193318724632263184e-01 3.820236027240753174e-01 6.653705835342407227e-01 3.619287014007568359e-01 5.671030282974243164e-01 5.239781737327575684e-01 2.752552926540374756e-01
2.941521108150482178e-01 6.946132183074951172e-01 3.453362584114074707e-01 5.306085348129272461e-01 3.945927917957305908e-01 6.780238747596740723e-01 3.691757321357727051e-01 5.803214311599731445e-01 5.385538339614868164e-01 2.806490063667297363e-01
2.909743189811706543e-01 6.867085695266723633e-01 3.435829281806945801e-01 5.332276821136474609e-01 3.929849267005920410e-01 6.875946521759033203e-01 3.719996511936187744e-01 5.818454027175903320e-01 5.532392263412475586e-01 2.861086726188659668e-01
2.787571847438812256e-01 6.273853778839111328e-01 3.256773650646209717e-01 5.170256495475769043e-01 3.662297725677490234e-01 6.595262885093688965e-01 3.529268503189086914e-01 5.609969496726989746e-01 5.312909483909606934e-01 2.678719162940979004e-01
2.613719105720520020e-01 5.804355144500732422e-01 3.074699640274047852e-01 4.934261739253997803e-01 3.433128893375396729e-01 6.296364665031433105e-01 3.477308750152587891e-01 5.332071781158447266e-01 5.006062984466552734e-01 2.616846561431884766e-01
2.304372340440750122e-01 4.638540148735046387e-01 2.842526733875274658e-01 4.562658071517944336e-01 2.914186716079711914e-01 5.728760957717895508e-01 3.475489020347595215e-01 4.755105674266815186e-01 4.643040299415588379e-01 2.559959590435028076e-01
2.015427649021148682e-01 3.826503455638885498e-01 2.648528218269348145e-01 4.228294789791107178e-01 2.386918962001800537e-01 4.593867659568786621e-01 3.345405161380767822e-01 4.057109653949737549e-01 3.569642305374145508e-01 2.491493970155715942e-01
2.024549990892410278e-01 3.816477358341217041e-01 2.666890919208526611e-01 4.269344210624694824e-01 2.347185313701629639e-01 4.254127442836761475e-01 3.395045995712280273e-01 3.992793262004852295e-01 3.025423288345336914e-01 2.539571523666381836e-01
1.967499256134033203e-01 3.729076981544494629e-01 2.646910846233367920e-01 4.248395562171936035e-01 2.307139337062835693e-01 4.074885845184326172e-01 3.297113478183746338e-01 3.892885744571685791e-01 2.926423251628875732e-01 2.330560833215713501e-01
2.114298343658447266e-01 4.357528984546661377e-01 2.779441475868225098e-01 4.426281154155731201e-01 2.515024840831756592e-01 4.202993512153625488e-01 3.387012779712677002e-01 4.155578017234802246e-01 2.935956120491027832e-01 2.458443343639373779e-01
2.297175526618957520e-01 4.838222265243530273e-01 2.909341752529144287e-01 4.699464738368988037e-01 2.809554934501647949e-01 4.784600734710693359e-01 3.457993865013122559e-01 4.636380672454833984e-01 3.405758142471313477e-01 2.442323714494705200e-01
2.327685952186584473e-01 4.831673800945281982e-01 2.930745184421539307e-01 4.725012183189392090e-01 2.854498624801635742e-01 5.161387920379638672e-01 3.533407449722290039e-01 4.726335108280181885e-01 3.809222579002380371e-01 2.559383213520050049e-01
2.242144048213958740e-01 4.635922014713287354e-01 2.837169468402862549e-01 4.559562802314758301e-01 2.755258381366729736e-01 5.019155740737915039e-01 3.427018225193023682e-01 4.562151134014129639e-01 3.730942010879516602e-01 2.497322559356689453e-01
2.251409739255905151e-01 4.658283889293670654e-01 2.860784530639648438e-01 4.588487744331359863e-01 2.766219377517700195e-01 5.057873129844665527e-01 3.534870147705078125e-01 4.567251503467559814e-01 3.733030259609222412e-01 2.563622295856475830e-01
2.111263275146484375e-01 4.103412628173828125e-01 2.707206606864929199e-01 4.383969306945800781e-01 2.527960836887359619e-01 4.810956418514251709e-01 3.402055501937866211e-01 4.261443316936492920e-01 3.608791232109069824e-01 2.536253631114959717e-01
2.028519958257675171e-01 4.011587798595428467e-01 2.705244123935699463e-01 4.323261380195617676e-01 2.401912659406661987e-01 4.436159133911132812e-01 3.412714302539825439e-01 4.056290686130523682e-01 3.195571303367614746e-01 2.506862580776214600e-01
2.020509988069534302e-01 3.997025191783905029e-01 2.708470225334167480e-01 4.298123419284820557e-01 2.397184222936630249e-01 4.268984198570251465e-01 3.333193361759185791e-01 4.042524993419647217e-01 3.015645146369934082e-01 2.412462532520294189e-01
2.130453139543533325e-01 4.524461627006530762e-01 2.839102447032928467e-01 4.510538876056671143e-01 2.562983036041259766e-01 4.400464594364166260e-01 3.406175374984741211e-01 4.294027090072631836e-01 3.063108921051025391e-01 2.433702945709228516e-01
2.359235137701034546e-01 5.266879200935363770e-01 2.962401211261749268e-01 4.739294648170471191e-01 2.929639220237731934e-01 4.977176487445831299e-01 3.408824205398559570e-01 4.767708778381347656e-01 3.488948345184326172e-01 2.493055313825607300e-01
2.522312700748443604e-01 5.725212693214416504e-01 3.113283216953277588e-01 4.978618025779724121e-01 3.230773806571960449e-01 5.705999732017517090e-01 3.476939201354980469e-01 5.206275582313537598e-01 4.204390048980712891e-01 2.579082846641540527e-01
2.446123510599136353e-01 5.229425430297851562e-01 2.924503684043884277e-01 4.749628305435180664e-01 3.079446554183959961e-01 5.862470865249633789e-01 3.405035734176635742e-01 5.055659413337707520e-01 4.502010047435760498e-01 2.547479569911956787e-01
2.065067738294601440e-01 3.985439538955688477e-01 2.635252773761749268e-01 4.280274212360382080e-01 2.484267055988311768e-01 5.186449885368347168e-01 3.320768475532531738e-01 4.321468770503997803e-01 4.053697586059570312e-01 2.525185644626617432e-01
1.873226016759872437e-01 3.733907043933868408e-01 2.603323757648468018e-01 4.090429842472076416e-01 2.180292755365371704e-01 4.125670194625854492e-01 3.260837793350219727e-01 3.766954541206359863e-01 3.000254929065704346e-01 2.444389462471008301e-01
2.168113589286804199e-01 4.791959524154663086e-01 2.809269130229949951e-01 4.475980699062347412e-01 2.605319619178771973e-01 4.425601959228515625e-01 3.335449099540710449e-01 4.377521574497222900e-01 2.930853664875030518e-01 2.502991259098052979e-01
2.445109784603118896e-01 5.538747310638427734e-01 2.981263995170593262e-01 4.779743552207946777e-01 3.049173355102539062e-01 5.339389443397521973e-01 3.320446908473968506e-01 4.990318119525909424e-01 3.770470321178436279e-01 2.480113208293914795e-01
2.640458345413208008e-01 6.197884678840637207e-01 3.158428966999053955e-01 5.020260214805603027e-01 3.416032195091247559e-01 6.006964445114135742e-01 3.361453413963317871e-01 5.367068052291870117e-01 4.397760331630706787e-01 2.569367885589599609e-01
2.823380827903747559e-01 6.627012491226196289e-01 3.339944481849670410e-01 5.215693712234497070e-01 3.757402300834655762e-01 6.484653949737548828e-01 3.357689380645751953e-01 5.644360780715942383e-01 4.976916015148162842e-01 2.552586197853088379e-01
2.900077998638153076e-01 6.939108967781066895e-01 3.439851999282836914e-01 5.309889912605285645e-01 3.970405757427215576e-01 6.829974055290222168e-01 3.387109041213989258e-01 5.764251351356506348e-01 5.420746207237243652e-01 2.588582634925842285e-01
2.969784438610076904e-01 7.020862698554992676e-01 3.473351895809173584e-01 5.335255861282348633e-01 4.099331796169281006e-01 7.036440968513488770e-01 3.337141275405883789e-01 5.812508463859558105e-01 5.725209116935729980e-01 2.634572684764862061e-01
3.064255714416503906e-01 7.160238623619079590e-01 3.545464575290679932e-01 5.445105433464050293e-01 4.224243462085723877e-01 7.244178652763366699e-01 3.359619975090026855e-01 5.928761959075927734e-01 5.958017706871032715e-01 2.727269530296325684e-01
3.068942129611968994e-01 7.172058820724487305e-01 3.581361770629882812e-01 5.467462539672851562e-01 4.282159507274627686e-01 7.307707071304321289e-01 3.328625857830047607e-01 5.930212140083312988e-01 6.054386496543884277e-01 2.701651751995086670e-01
3.102374970912933350e-01 7.255415320396423340e-01 3.658677935600280762e-01 5.539559125900268555e-01 4.328508675098419189e-01 7.302537560462951660e-01 3.345942199230194092e-01 5.960702300071716309e-01 6.043800115585327148e-01 2.706770896911621094e-01
3.170550465583801270e-01 7.356996536254882812e-01 3.735862970352172852e-01 5.643151402473449707e-01 4.434696137905120850e-01 7.432191967964172363e-01 3.383847773075103760e-01 6.053280234336853027e-01 6.150398850440979004e-01 2.739812433719635010e-01
3.058367073535919189e-01 7.125290036201477051e-01 3.598610758781433105e-01 5.413983464241027832e-01 4.269103407859802246e-01 7.348012924194335938e-01 3.282076418399810791e-01 5.820142626762390137e-01 6.076300144195556641e-01 2.712617218494415283e-01
3.099212944507598877e-01 7.209750413894653320e-01 3.689555823802947998e-01 5.499387383460998535e-01 4.351655244827270508e-01 7.249408364295959473e-01 3.305092453956604004e-01 5.891868472099304199e-01 6.004310250282287598e-01 2.663571536540985107e-01
3.154266178607940674e-01 7.424320578575134277e-01 3.770088255405426025e-01 5.617268681526184082e-01 4.438811242580413818e-01 7.377234101295471191e-01 3.399471938610076904e-01 5.985684990882873535e-01 6.089206933975219727e-01 2.736158370971679688e-01
3.231227993965148926e-01 7.484425902366638184e-01 3.814344704151153564e-01 5.702250599861145020e-01 4.509981870651245117e-01 7.557233572006225586e-01 3.435950279235839844e-01 6.105952858924865723e-01 6.253773570060729980e-01 2.822608649730682373e-01
3.239819705486297607e-01 7.492727637290954590e-01 3.805628120899200439e-01 5.722076892852783203e-01 4.508385956287384033e-01 7.614570260047912598e-01 3.445192873477935791e-01 6.114305257797241211e-01 6.275285482406616211e-01 2.854646444320678711e-01
3.269802331924438477e-01 7.526444792747497559e-01 3.867639005184173584e-01 5.788204669952392578e-01 4.546384811401367188e-01 7.643772959709167480e-01 3.467233479022979736e-01 6.173235774040222168e-01 6.286269426345825195e-01 2.849304080009460449e-01
3.320652246475219727e-01 7.652463912963867188e-01 3.909871876239776611e-01 5.911565423011779785e-01 4.586773216724395752e-01 7.664508223533630371e-01 3.541759252548217773e-01 6.282683014869689941e-01 6.248874664306640625e-01 2.846485078334808350e-01
3.359186947345733643e-01 7.738744616508483887e-01 3.941019475460052490e-01 5.988308787345886230e-01 4.622218906879425049e-01 7.753161191940307617e-01 3.605248630046844482e-01 6.383087635040283203e-01 6.312245726585388184e-01 2.928743362426757812e-01
3.357604742050170898e-01 7.772429585456848145e-01 3.952928185462951660e-01 6.041970252990722656e-01 4.607523381710052490e-01 7.847616076469421387e-01 3.660202026367187500e-01 6.442610025405883789e-01 6.313015818595886230e-01 2.960065901279449463e-01
3.359280824661254883e-01 7.858004570007324219e-01 3.964630365371704102e-01 6.060918569564819336e-01 4.589914381504058838e-01 7.927177548408508301e-01 3.768253326416015625e-01 6.511228084564208984e-01 6.370239257812500000e-01 3.059807717800140381e-01
3.477970063686370850e-01 8.027100563049316406e-01 4.035280346870422363e-01 6.234827637672424316e-01 4.651654958724975586e-01 8.132037520408630371e-01 3.904483914375305176e-01 6.704334616661071777e-01 6.471410989761352539e-01 3.203155398368835449e-01
